28.700753768665734 3.076897091112828
16.508264196978502 2.239099625341538
29.385569234410223 3.320047335382573
26.306690164332242 2.098265677736265
44.617853790338906 4.238422179705660
66.609055079456041 1.865468463797806
34.523789985011071 1.382588593669337
22.197434233668016 1.979937182107779
39.215064222992915 3.702250984469982
17.634417174659067 3.968284197136892
25.982416463738033 0.848942162864349
43.781336941761566 2.274580868937816
5.602551180489957 0.658831163616307
96.837704712054276 2.917851490396006
16.047806624646832 0.516569729162415
60.545302420814892 3.282815424391448
20.770808451009454 0.546384809139303
23.416256279195046 1.174757700935779
48.073686561647264 3.319233199264497
28.693487341483642 1.977438149497583
49.682371408525164 2.158385413772606
48.643878202384656 1.884092615316646
31.058523764009422 3.375638527504932
121.586561354440420 2.549294283383082
20.047190592827672 0.879009436293975
44.463869628013484 2.606772000718289
29.690599182813450 3.088585982606088
9.719254989734258 0.628301440868629
5.004132569170958 0.582014226625680
16.738410025285518 1.657529436700066
37.114463709405626 2.524606988850247
26.247083279564734 2.697258383826007
90.310495387821803 3.832237985372654
29.593466085489279 2.615519671987518
42.430837130555346 1.730867002965355
44.857434331366811 1.203866155807268
115.190332081613604 3.382816769117812
4.939585922708662 1.893849332767469
3.445560348129495 0.480558302323415
105.457681928597211 2.879816754070358
39.199541385528498 2.371582567554393
22.788881736102365 0.889553188294896
35.713761384079973 1.174657945037944
56.525955951180777 2.719615019261658
48.054161033756856 3.003813222983765
7.887467452819646 0.958956887460759
4.222704786649993 0.480532045988367
30.496267244956105 1.650494246366581
39.935616142968470 1.657363892554652
13.332170717507342 0.665648895884036
16.628136873033370 1.117090752063541
96.197327744797747 3.144073627490584
95.160802422948692 2.955940110332922
3.196454196508720 0.921551008206583
68.155940886808310 2.540815682402260
17.787841080708564 4.221406194484516
28.282354754761478 2.841002894957085
5.133800188981821 0.832554663453509
9.964074208115704 0.501007907597850
10.904497621697596 0.546700487753068
30.550425020041061 1.202064821435479
8.135389046110934 2.803286906176989
85.602378139802596 2.671633283920415
4.773717015366832 0.523035139770323
21.625486463453282 2.607808603916196
85.458343723460231 2.226496805027268
16.988348194293764 3.210414837678156
7.221974789683196 0.574120799059794
62.986531470962646 1.589730117608651
10.794009601000861 0.700200111601611
5.395911295057804 0.645596469121797
49.003406943084798 1.859865188735301
50.570571971959716 1.772688659733482
4.691571790445018 0.616919132857701
21.809075497626090 3.139399293875043
32.174150599524118 1.671855176300040
24.462323768327504 1.576462698903150
9.615414749486201 0.897055325050398
30.414731548716848 2.124043683381409
10.934510428699562 0.583954656458128
18.817748823797515 2.861070725998013
15.638277004348488 2.222930656237200
15.387891762261315 0.678160993232467
18.972392086841889 4.336607423302070
56.205425426107091 3.411149063635766
34.669833023993839 1.989754698234496
8.680263992635741 1.979082625349556
56.443954955398695 3.736152820631933
16.618567282409241 4.626592418470696
21.149347526321055 1.205428086018800
56.474156337272618 2.525482175544995
56.180576662946834 2.584559377244624
58.041718798603696 1.155209615507397
51.445133731672243 3.298276009332207
17.176835508397318 0.582708299278875
54.250382634953354 1.264944265875163
66.354626911665903 1.905738241926645
35.407733103527789 1.299331637704434
137.445843407171367 3.611883117636611
15.657747383550905 1.675571122055674
22.325360524353201 1.721089260271409
5.109203257310358 0.622987813606387
28.838017547022364 1.451541750436435
42.555312963199640 2.719522523563133
110.097957027821494 4.853463175172668
15.056085975615177 1.690009903949690
36.235423136215474 3.488705050427795
28.716992084241049 1.312196841143163
58.698994727821542 2.516966830869345
102.385356121385570 3.385567020417055
7.813462505623922 0.696822752082988
54.708083763233269 3.613574290468160
44.341129732023447 3.522385820524015
36.008046916237582 3.523188043147228
38.314429489798357 3.921472662557603
68.952383867176394 3.283091300764629
53.133029335602259 1.793236881398240
40.748360440922141 2.388219851969714
22.742387412315008 4.199338741227677
81.374247815713602 4.205199752098508
17.554004057672341 1.356135647444118
19.133604178749181 1.273663276822644
8.063005141967970 2.536579976573857
30.929174476954756 1.694973933706357
10.685279554192061 1.516579112744228
25.684415410996920 2.301547099976589
48.409003394837526 1.847544845901481
78.910145770888846 4.718261782414402
24.849963661382667 3.349087124387308
1.515843046666238 0.743787736046960
61.865450963008669 2.740065296990827
52.522871929975295 2.093061457447922
1.983462903222820 0.761028672922882
20.476898934016727 1.330855812255381
86.826590509338473 2.833638811872173
27.525995837940290 1.800499210304986
62.387475442612725 1.985580299656915
62.417465301278035 1.466199313973169
12.843578934895127 1.681797449328842
23.291109652895745 0.726548630930071
5.709982632642668 1.162139309941026
44.804478756953145 1.499379312386447
17.530898560639255 1.177731924928289
12.441990789212619 0.665110501545172
11.521605271993620 1.500674233539344
18.089080761196392 1.224294176027173
12.674565943449263 1.689277578598104
32.534128111863645 2.357173198777855
27.861324186477539 1.621582033867753
10.385763016394883 1.168242441102975
16.117795761092935 1.045349543269104
47.860802145966616 2.935782631984500
32.456113315326100 1.154609050378385
8.377645383389094 1.788272078671309
46.388581763573711 2.626158026338628
88.199929965132256 3.157572255355046
27.138211118435645 2.525215311901804
16.887382525258168 1.714285997540823
59.110604394171702 2.281116876571649
30.567934663838312 1.292410369943398
47.924832216146299 2.262030934435313
33.094753159599144 2.810765610143588
6.920001470529552 0.646667486291879
5.053254549263816 1.223622957814309
6.034080564972037 0.476186596680536
61.572284477550994 2.124170886179710
19.005391208557718 0.893909393294672
9.741637682532989 1.117943400114608
22.464379671594127 1.237910406781668
34.518348385738612 2.204492399564242
27.528975175144399 2.679035735632775
64.184628185714345 3.378752252729029
3.949835503768205 0.635257833823221
73.108792565074779 2.838292615656003
59.200008288305220 1.906547869512135
26.930275377237766 1.663196190313680
23.097202349527858 1.296258663120490
54.379882595108086 2.254198943383153
31.226975003617643 2.413529294735533
12.006494958372231 0.602029679821249
43.000163321615041 1.991823768239386
21.045772689229732 1.250435193961999
22.059081268245603 1.203899343267448
6.324139458943932 0.661832916440944
30.186245511536761 3.434940375590203
90.481914742334226 2.987090722870136
54.602483723245449 1.766007811653431
105.413412679022827 3.097320075832285
65.753977006136950 3.958626598566131
29.694849464761660 1.219164624905407
52.583752644746426 2.896070668948798
86.587125078975717 4.170745790084240
17.281475856484633 0.606565927336121
27.626991905140525 3.428637364613190
31.672511855338225 1.177326853124850
13.465143523208276 0.615578770201633
12.683176728484119 1.383906152072096
18.716812693036349 1.746455265091013
16.936230431307195 2.462303597384894
25.816910797598339 1.843623128646809
48.839362112449031 2.858197415647189
65.788880766712836 2.949008765316843
20.932324716043226 2.652025539421178
44.553125962055340 2.780247164322178
38.259947994115549 1.419870041201358
76.022208976033681 2.784485703389076
29.377198186271464 2.880660343641245
23.971355763143631 1.150770386046496
50.597013680037364 4.487120618339219
77.105448211301862 3.247992380792892
23.513997360277948 1.982826398677577
23.768307677280390 1.290301244685877
36.463791252178495 3.051186038247604
42.850752289385575 1.448697675224323
20.119479326677265 1.344042855940779
44.530502002066541 2.660608413140147
23.751833142904175 2.971516431877065
47.613492925330974 2.488846325543173
34.988357355821314 1.852502117829070
21.632856298843446 2.745076282621008
58.618697532679498 3.425866374012953
32.160731150396572 2.859063416188146
78.664970831383741 2.652365011466837
9.205184441919492 2.242841936571413
54.917548753342274 2.528060005182434
16.279861721071224 1.990180955729532
67.652682115120029 3.017356304468147
26.495497147280616 0.825596455403416
6.034576776678295 0.623575120061834
36.860149162784850 2.435126613562520
29.133118106122751 2.145607129070898
22.460139205441401 0.626572654408669
12.413174593304536 1.781436197357921
40.043372515156598 2.371533307419873
54.082543455012051 4.438738366327593
23.836500464529298 0.658659449153887
36.731498798228721 2.394083551561952
36.410983739139859 1.929987075120839
27.861132142645257 3.373924004088121
12.888990681502699 1.483716676002039
25.447460692202277 1.222293927592983
40.204911485341029 1.413447097070447
4.909948615173814 0.690095634986691
83.799728194125777 2.864654175416732
29.107860378100668 2.599982010790449
53.334106065258112 1.040902971774760
58.787583637331949 2.777272119548765
12.282357846601586 1.860225901873887
16.663692347855928 1.244414782110174
7.734936275062690 0.732806892665050
12.482204070177577 1.800587710831588
23.306448951382482 2.610804688159440
7.998638846975000 0.696730030559343
12.141197896671715 2.729124481197970
33.508401503754769 3.163009846632818
19.712724754935536 1.863101597811609
5.988550894069646 1.308849976076209
6.824244761484399 0.482346273251970
25.680363366134294 3.292628757850953
30.606164604009628 2.487961366068554
31.727024107409150 2.376065743160567
33.670984143721505 1.471534440979145
17.666804611937270 1.901746642730080
16.519334100884585 2.605425494073623
26.325795282945734 0.954365145150684
28.299401706783328 2.776491445850810
107.291852639885136 3.523782800661300
43.152283439664473 4.446312468241115
5.890217990560236 0.588630737569988
11.443672071932706 1.282001857311465
35.171334100717210 2.598979969787868
6.486307648383360 2.074780440742801
29.858753546761811 2.205247774601481
3.064929520222528 0.860296237217400
53.612565844937215 1.814042119456230
20.774718753691293 2.444670080880015
32.207208645175967 1.286227925535016
13.055202024973347 1.829043804588282
108.821755476520821 2.385418808577622
25.435069637833614 3.724094478284984
15.000025207432607 1.515309771297178
36.685681906004397 2.623148294271840
6.644239418911976 0.639972629789250
5.709645676695091 1.248631332689536
2.570480680057553 0.576909154484005
63.472204440967374 3.946083762657867
19.858389393405517 1.974664042692010
17.113514489476103 2.430089424921689
43.005617642150725 2.133393810192772
44.121681838626380 1.500779395636979
10.163069145213486 1.043889420428270
26.727248270800729 3.743097127048357
16.362766199367869 0.681625142545265
7.806027272985285 0.648510544397174
43.256311459963371 2.968389834728273
20.015788287746904 1.480792220440131
72.847466882000234 2.125932905881635
22.919957599842871 2.487561298060760
27.009433238511320 1.255763460876107
18.304557930472150 3.345301543988894
27.185231420000783 3.518343867509786
14.068370490952098 0.637984636240088
10.263869035281607 1.909407914573983
4.240348508840037 0.324995397029897
48.458789493858518 1.882621579200789
8.154267493801335 1.841339995186510
21.497471921754812 2.048225897852437
45.618464685120131 2.588235068408882
9.706092584377421 0.789436567942349
43.890565511048941 3.760401771292278
56.136979416587302 2.157422777028175
53.025545529986495 3.408990462035402
16.454086593130242 1.365616627990749
66.312274712293913 2.406532743824583
28.025661587376305 3.566286697781779
13.470792598874262 1.795420898029311
11.259345967058835 1.191326172645821
59.165163201243004 2.959142511225838
34.921615728822125 3.720289312172816
29.864741711639290 1.946181130154233
9.706777467850843 0.629119575401773
62.987993564009827 2.457156811520743
33.062705375781420 4.856135286323790
9.564491550348698 1.705993527409618
38.996461271781421 2.095326879571809
25.432926768477813 4.837390719837225
24.497760124023742 3.206915719620258
13.317348568734023 3.382094357752730
34.768508915802471 1.132418805046356
36.294453397345151 1.132499918498117
26.218991243956967 0.981115884244561
20.867562072794144 0.700638340391203
75.718182602437494 3.271070300135615
13.421441242319823 1.292785942535593
91.550790119509188 3.484587747829309
49.032035653784149 3.095283013036762
16.498521403922993 2.401187150349025
100.101749615773173 3.236378959955823
9.541955964477724 0.585116504292301
4.424932881622727 0.915202263237537
72.341873579583563 2.797472238446340
19.904154322261522 1.229562220736203
159.783669998113453 4.995164573190345
13.438203507390506 2.342967808573902
36.548732061841690 2.918068583212981
43.771250202208904 3.496291974324869
28.625825321266728 2.548912820002522
11.372435054678931 1.684958802067997
33.643911990424058 1.272758558259921
16.986200044224187 0.927366651560816
8.994630489197755 1.944655796487190
12.138065996879975 1.439776043295097
10.443589539090233 0.596923378574160
9.798959634369744 1.956222191432595
102.343766666109957 2.288759997284718
18.678908188660643 1.030860283581630
36.067618629304569 2.233127121922154
15.988524819874694 2.510737433956968
52.731133507538061 2.277985738722553
23.156375665359441 2.946618252479034
63.789096197433864 3.048218220029128
11.477807493600052 1.075006488271667
49.504028742542602 0.948420078075404
30.902279082524235 0.625760141735568
99.631802297259540 4.274551565421071
11.407614684000263 1.181892133112751
30.999736964514867 1.256177099075251
46.371258188502075 1.689548306022560
9.161882517871584 0.488129885872013
19.648440396675703 1.858046270840823
22.706576117547325 0.975310966601379
45.638859460969456 1.758106462544811
75.237395544885842 4.364611312916788
70.539921235612383 2.243949956835760
85.399315038028362 4.204857674988387
4.444875416824233 0.651781247766587
24.812424599477396 0.602291259263778
7.658407059028844 2.145135213222883
44.395868162915271 2.190675523767582
29.241450091648858 3.248871983610499
31.274470098866757 2.938956808497050
56.371740853443470 2.475285070238302
22.659235890628683 1.429764550119751
82.927075235924136 2.434690737833590
11.414122556235069 0.636360494765712
41.572687089671504 1.884637789747044
11.457999977438689 2.544690282337689
102.531537177568765 3.335975532209670
27.608479426930941 1.157206260646302
59.360337492967659 2.476991701348765
81.060189225642361 1.699893791587413
38.106898917835153 2.898964199322346
47.537529074015112 1.749431406031098
43.014065384551913 2.765469671583487
24.055114896957512 1.301972632592221
10.743939361040294 1.253828523577611
26.724940236882318 2.834426970609663
29.727944391375900 3.334900850120420
9.929550585066846 0.642532336824821
7.827729479283708 0.665337105125812
60.675573851606813 3.331844810550960
44.550814827213330 1.898537695228751
131.230469833235986 3.823739668272315
80.400982542058372 2.645553106239953
15.484362528084498 2.493375885530084
36.639342798344266 4.040723898932675
16.215745110629484 0.569488919662956
45.330203792559388 2.725118164000311
20.629258492233891 3.336031860123742
18.692009083533797 1.756194771153943
25.493989193562207 2.260656062634967
86.211693545911700 2.371808278811248
11.874676620121015 0.926184962003578
20.200156203508833 2.072708333954611
6.328228192129103 0.829059213785948
20.879628031050483 2.789036753954849
78.144748819827726 2.626612686843897
75.258586890465111 4.966010455957619
79.013311042521536 3.276353689154676
3.549069741814655 0.694565255518334
55.463534398050150 3.095167796785828
29.263999734914464 2.034776301605057
19.973860446834923 0.676549227830438
56.787342132860225 3.112767810520142
31.876822664477409 1.982278982754292
16.407061733911007 3.987431043753135
30.644494967580776 1.782183500713062
110.550265405737960 2.869862386909948
38.001237742065641 1.681615457721807
16.115224316326916 0.591032529562096
109.466623498287831 3.506098951914394
42.777267831914870 2.310635757311544
38.767717913927555 3.930545621053570
52.267721106614957 2.868107073705842
58.751071491615598 3.230601420267766
37.400632612489034 3.085105252957487
11.204896482795457 0.511165974636001
36.069324317498712 1.694663764766727
40.200404039761366 1.639025049754747
33.812688613023191 1.768138597314698
11.947629731263838 0.637339599727345
32.197097695164622 2.035075936482789
13.774476180209881 2.391176600191359
17.292647664012883 0.557656793656017
29.656677560833600 2.179812072921802
29.329868397580690 2.383411852489015
27.632599279707929 1.790699958852159
18.591406329812756 1.809535494916856
103.672407755147688 3.142107735535200
14.895771294898001 2.013378370093824
39.138752543030485 1.666425810897320
7.529529943284087 0.599425696115673
19.298388735014683 0.939573451289433
5.797588124110900 0.626916907553988
21.584608287801451 2.142146967063232
50.541818006093401 2.550514765271461
32.207154872965525 1.171102079157626
20.887933407355703 4.405389358012653
9.245999632210140 1.110615152385562
41.145577587589258 2.157469827705656
14.142634492021090 1.367521899630876
62.177614258989450 1.876895134077997
18.270117608887389 1.415610311758778
15.288090833233790 2.990992735406437
47.202518653223606 2.542617325923693
23.255399520075617 1.838117631076890
18.346356816058830 1.228868944120677
12.300727782403861 1.663797191187645
24.287539081684649 1.211365910811055
38.059739667532405 2.512629326671655
42.714917928585493 2.052488477504735
29.519884011784185 1.231544885116107
7.446773187641412 0.605050164878050
34.988858694813459 2.250765225315715
6.703419043821309 0.663891949379146
15.823217828390414 1.938044630893527
24.435102716258008 1.318420756601304
19.572996385586066 2.186720029735704
7.292406929368839 0.860898051811800
19.134347529518710 0.577844283249418
29.890097198665632 2.292276853306886
37.142621839236149 0.930887030250185
68.472323758961750 2.829320729176011
113.974325763355765 2.849993364794993
11.498486955932124 1.535601691126638
19.548305313227491 1.960696796563375
44.328631415160515 2.590267344652800
47.449925210346784 1.311115032672470
52.638938828535416 2.655733472758698
54.595287519627355 2.072275771933217
44.159070450398254 2.460283183767496
12.611074869872660 1.891626755656500
11.732789472785775 0.605536270186488
7.198233472433374 0.760831233933955
67.177344775821965 4.513587516040349
30.527078991256403 1.257057682039813
45.667026643868013 3.862971613119809
33.669140630471603 1.359416811239131
6.291878952028515 1.195586807651253
12.578142560622828 1.189012705382877
28.930248293216422 1.879744092383327
54.872108515183477 1.780758368680607
9.263865635946031 0.689023594692826
5.132010662753730 1.143903835129607
50.393828716674825 2.236812762111523
24.454742152534592 1.123206972667578
3.689219099301975 0.734808067202013
70.704711647720970 2.804225774848147
101.448235703234019 1.952646690909747
2.839176999865306 0.653034851731632
70.930796587017511 3.628908887864324
6.732439793253858 0.733438504735678
18.497409391023268 1.103941629209762
8.414054398140806 0.937861293991032
77.434592662952312 4.189064767765378
20.098306133674601 1.619034817730558
3.102200313714679 0.624543309020412
19.190047774359602 1.884466985186780
18.568187259836737 2.529919245527088
95.508245035841568 3.232107538199251
15.979844672981512 1.564074025232824
53.061773204121124 2.824495575774692
70.949403506618069 3.073930880744481
29.487741859425057 1.735841923270301
32.919608693254986 2.566388066190475
9.317670509202024 0.741440271809461
55.532674124930629 3.077286674211401
125.448492759581484 3.369877814953158
8.480480672910078 0.628190490709706
15.779001210664681 0.624821847463789
87.295377281539359 2.637800378964239
89.131910897226419 3.370280282913294
32.140353574828694 0.625360982473332
52.638478096241400 2.918434610512521
81.754597390982411 3.754778327306163
18.946152207172208 1.432352151721122
82.567457425636334 4.376623348508320
7.148627714105471 0.916244265997852
54.183344508014535 1.456368111496650
43.096750369174750 3.093620214189226
35.836771953853628 2.510759687028028
76.825770341863645 2.707934101441845
25.769289672657269 2.184191962276095
11.160508053847416 1.459276908657927
19.670490049524506 1.755727875864006
9.051833457508264 0.624554739934961
31.063451498465945 4.599665126111203
27.491872634209468 2.055795802760774
99.812453447599012 4.221610054011276
14.441762095614088 0.745291917931890
6.358791465440404 1.362528939434573
62.776243371253095 4.947409029094227
66.447342469672805 3.082929811944687
13.157042576591875 0.560376944281337
61.640417403635801 1.775424308681840
76.995882714477560 1.711235497012378
23.188592760627849 0.605950703942529
79.700366757019211 3.563749063556897
76.425328280266086 3.001793192855608
19.577970076702371 1.712537699245167
6.855892903097871 1.608814292405180
23.073956157556029 0.616677330783573
67.613841468707378 2.210711159841488
26.528280481048292 1.863095317903485
6.288166288755480 1.571954047108048
53.988071571935954 2.907729383049408
4.820191535071056 1.503585195456925
32.881551447768040 2.415178697224862
20.848960944696628 0.589844787213069
23.143992293089063 1.736593008850046
25.690775859527871 0.629334694636322
68.845388445079934 2.828243553092816
73.661812291572289 1.791149114936062
96.400522975780319 3.478725256155583
6.087215905879147 0.600143412717995
11.344114459340354 1.774196746963036
30.674770386835259 1.549525837281122
94.132245028893905 1.973060924258824
3.036857339154915 0.662997665502906
49.139093669803657 3.289937428178547
35.898918168288773 1.981311115242113
16.816966828267649 0.662405263092088
46.244027673211356 4.918825824241539
27.647413865183744 3.809905048371249
10.156683059433741 0.607217352468980
35.269936394566727 3.180133366575527
29.862909496717730 1.533820574886082
52.356103903714249 3.732783509100254
32.189217860772487 2.701146438113016
35.186068876450115 2.300098359414112
16.499644422496832 1.663432344637547
14.592770774788285 0.903910941626242
14.334005749055004 1.280988447343770
41.913439219816802 2.854478194310552
37.910902897183725 3.533874511501693
15.678328182797379 0.975751360867057
58.910905805137872 2.959359098425315
55.352995351262805 2.163022318296223
4.867738620587704 0.566784002337588
69.652191340996666 3.867097757229161
26.613496362053642 3.798877993504925
12.793238051288235 0.735911637829625
68.687116937605893 2.975368988334344
26.619671290568416 1.825797757052722
23.015138243664381 1.245846130715323
28.469180832906531 1.951735295332845
12.789967426008300 1.285274403147372
8.082268766516439 1.481487701405532
27.323443408606742 3.040703156205843
11.741871640194043 0.603937430473114
7.182627492754580 1.036353091260583
66.810796642162884 3.251100502736695
23.961984616435625 1.749538583683863
17.193259395186519 2.146483890596407
25.488580687403740 4.047192581485581
31.029623691675013 1.831590932715494
26.727840829550448 2.946056040980154
14.349877961047914 1.868995025931983
3.075181289960815 0.510505245498584
55.211152379280136 2.816144460241705
34.840809289399473 3.104697709486214
6.131602258134881 0.959058488700100
9.424791442623523 0.865056902107344
4.049476287167298 0.603603126296589
2.907937185323199 0.939082999685352
19.446065721703786 1.866282915634235
25.223085366606433 3.355100186583406
24.626837171531744 1.180635628914427
49.937238187916797 2.647529981400599
48.018774375476255 2.985856882697886
45.519006507130165 1.059679946927040
4.734979271511914 0.712459232058590
45.299869857936621 3.353104067008512
9.949808139651635 1.493775140258379
51.084409136178550 3.190925484456863
86.608834529524657 2.660767609561219
18.411683398158427 2.117624915880597
19.170446931618418 2.227134618037282
17.491337355904591 0.624130836047293
8.806988182408146 0.706749362128724
98.215136397817915 4.044632445575965
25.290572781259655 4.156481297293903
7.264347766908931 0.921116124801857
15.833106127674597 1.442164657196395
85.277365852979756 2.489635306896739
41.426063792041163 3.071719483971465
55.471176023540004 3.382262777715113
7.792930202567106 0.452337904423012
105.943803908326743 3.536487041756738
14.008454477546461 0.862314935243835
84.477204914974266 3.235974186054730
53.657111540149018 2.701678452408723
19.505019227913600 1.300754994787160
30.593306509489665 1.459143257274973
28.471426784576668 3.515982606222845
31.131687706904373 1.812113997438975
112.346632262834930 3.083741247914112
15.718858884986670 1.383967650767401
10.939620872957622 0.641368357474869
47.933181083254823 4.798847192339062
23.587426758291155 1.176437009756187
34.161391852650603 1.247022175810776
19.744808458728855 1.828180729331533
34.978604958128287 2.875428140104040
3.289696391680744 0.992195026014091
12.306209013810113 0.522148621368857
8.405965256531580 0.937022350233524
67.509201967329062 3.523689942212631
19.745545833193109 2.621481697674910
4.814385885364296 1.339290847740874
35.588100487563814 1.970610689749624
4.853686279275072 0.609992567277812
22.754766885016721 2.134655715814778
17.914055111688469 2.037256435508493
6.637590999332567 1.252024856616400
13.489797911726750 2.597325324359036
41.237357764510186 2.852332469007155
43.621148431080080 3.273312283341453
29.613904871776672 1.323359854514723
17.480764362904221 2.310780930477558
24.885935045168836 2.133940806126664
9.116929218631183 0.746862439341429
8.872012095680027 0.906193294053056
16.392570929777776 1.563753403520097
14.374827405970535 1.747653959217971
60.780003208962299 2.209598949565118
31.466969289596843 2.487070042160734
16.299314099524775 1.748343475977119
12.455989479835278 0.702663337673370
7.474287010526934 0.418101378710672
11.954284492720456 1.241915278704053
72.810516805349693 4.172922416670677
8.175593794842717 0.537154118597891
52.157883340699662 1.984736113801941
117.693262797198912 2.518033430221506
47.032314126865323 2.505243516762389
55.532811531443599 1.937153155886174
9.104024939750804 0.466372240086259
9.709724337042736 0.765683120473141
52.897241669667466 1.121064376816825
6.459534616857644 0.659403112037763
18.473875866671982 1.239201257412051
6.993468440632284 1.346360386033897
32.471446483728187 4.326097031275787
28.423415138837161 0.829715985725502
91.693952927489093 2.209240292296391
43.481974217468888 1.135825771916785
21.762335375041786 0.957411466859460
17.655962272748500 0.783950093101687
39.927053615317703 1.520014446507981
34.699793531986735 1.747448884682012
18.141856788013257 0.723698920808411
13.153370776596139 0.478879769835924
8.277945934753502 0.654037795955022
38.705816798225491 1.891727874936409
50.480567956922428 2.495231207867973
11.310976374973880 0.535608967705137
54.829606140800237 3.974830945942007
26.852113944269796 1.316984031979173
27.934395709796647 4.067420819340004
40.358936160520813 1.301332352097989
10.408787841774238 1.331579140697099
8.539029879184397 0.925388931262022
13.357946920801767 3.991348098959470
46.863079157524702 1.891960229484775
30.555785529744849 1.677722858580632
11.312998621888044 1.996431176549024
64.843611604023806 2.954125014578051
75.140934822460096 2.357749125155503
40.716343413836086 2.390082086049413
23.464043999447679 1.275529972195719
13.228464626280896 0.750939823105438
46.803226081866896 2.626858173540572
14.370350239822519 2.040459345657658
54.325265304870221 1.534141042984157
43.409560868616047 2.486662085043033
5.109345209018239 0.578718515819298
49.264120804360459 1.668349465295621
4.894840614977365 0.553972331841079
107.503599250332798 3.018273951649483
25.786792156759692 2.308444220716340
122.738492113009599 2.680923812347990
41.101836238886470 3.887146789993694
12.122292155959933 1.774580004520053
15.563513470109184 0.592217775393818
33.298304746420477 1.950803144641696
11.336282597447493 0.571110528659711
13.489722877194829 1.208183706369337
10.032066863610076 0.557771349275068
61.038096537355209 2.219877616139072
73.412736493879876 2.548037666288681
7.518065766816353 0.733974890371089
61.368729251128215 4.865086118162185
10.484450501321991 1.450892216735935
39.144997812469541 4.303793988332057
31.563293322200707 2.484507889246804
54.812868810943492 1.713678623416311
12.756036813002915 1.730010372460825
48.941514006484105 2.531303697370235
151.924747486752040 2.922654630271224
29.306930270946779 3.206838482621517
4.132482753714253 0.496230670046586
12.746018312669138 0.618975505055383
8.365706011772026 0.635927407367121
25.602566816751320 1.201758741721737
10.120473879741716 1.034794129888386
4.865006924983549 0.722808373497244
33.964187936255868 1.961912039649632
30.295554198328929 2.001443603266274
16.320524635600950 2.699366769908734
49.644874476810429 2.780748112515474
4.037601005636721 0.689077224651936
9.815805624163067 0.987841506017298
17.993501622170729 1.962955712566655
26.668558234969780 4.096867830537664
54.342983741054105 1.534685977353111
14.807594377328027 1.342413586258149
26.539599129356649 2.718052426712192
52.285983256271734 2.227704914260897
12.916469616485674 1.171845506603705
4.637614943004828 0.665065591533233
19.886780796449759 2.987091969226995
16.113625040640709 1.982763228971166
30.371536302208533 1.108180932359524
7.442896127291642 0.488326338211210
11.359783446920009 0.605132484322491
10.655531176180286 0.532470087011857
14.251179654818799 1.375451936095698
9.567646265874153 1.116485825125085
14.400417014519538 1.518243751165389
11.526353796137515 3.358781750946670
3.896414921698764 1.156904510950662
74.985026480588701 3.071329010683731
24.268345385057557 1.839599922224693
88.438910612632512 4.683694466801218
28.063417547889344 2.826365437788755
61.516863424102539 2.268866146116781
10.678853919883364 0.675976370627709
68.213092365528965 2.595701595114405
9.419951737004526 0.956113962436148
66.275927035885118 2.568652681960717
4.299474042802952 0.574803762861600
91.290101695815025 3.764050887787738
18.146807006901430 1.889282718306955
61.299294132366612 2.448220418719364
5.021030525468816 1.156823707537285
63.213312578759577 3.649143821433555
29.769476981057874 1.123492634776727
76.114796312436269 2.896822668493903
20.285034348556952 3.022675760100911
15.290663565756198 2.448780781336888
83.970180197860572 1.900135617191035
12.417529509033875 1.669053241456418
38.032063611776429 1.624211338173696
6.019285723021023 0.553236353498946
7.921839037439947 0.824228035669880
51.343905586654074 1.481010072969074
10.272748732498599 0.684748623237346
30.946978628348468 2.837166112663284
35.985291691236426 1.310382520769280
50.525487624031037 3.333287655996757
65.582841999962454 3.272661564532975
34.538407937002859 1.885825838840485
27.825941297020709 1.777031102727920
19.645136705000525 1.594820239095787
28.848985437322263 3.186715604053740
37.174190449461555 1.672171176258554
10.670041609964837 2.705296684850611
17.603927435237043 1.488098589465068
20.968372846881685 3.727622885130170
6.119236905874030 1.990132198664421
13.451846664329416 1.920952120759036
75.790998428793955 4.661060969653103
7.786626162240007 1.834749875513254
37.346228590853158 1.789822915005415
27.610817028594177 3.510867116703825
176.979898650168991 3.133730059966718
20.995565895736309 2.982678872525077
11.771127198457084 0.884913725259208
4.439519731655301 0.794850555618690
27.259514727969215 2.485539961521920
7.888895486733714 0.972583092736352
75.151732840400697 4.761003921628467
32.672694199525353 2.351279954001654
4.394719150075174 0.758740396126518
16.708965006391352 2.598634166452002
50.792447216523776 2.776535457827400
79.028467193525358 2.313101286572876
25.332912241474432 2.209734777396732
24.057937628593987 1.823013084821108
34.471800079794100 3.947671337028813
110.286600646118075 2.594404938880079
51.441838672307000 2.498980324637291
15.128807856139426 2.875525976007583
13.111234738502088 1.332215702781554
16.449697132274913 3.846297941099060
46.622251946285310 2.937313184578583
71.789276813518711 2.654355627789328
27.618250504768564 2.856984152857672
21.911849844481960 1.231811849974008
41.430606040674505 2.856087132277684
10.711455996679938 0.586919063126627
3.578645232493193 0.876966687793362
26.141838262742965 1.951392769790903
25.310602636977780 2.876628251223186
30.335452526891768 2.496388849074669
12.775814107436981 0.562986419798334
13.740247588554896 1.644273163585120
17.712022342933665 1.077074676011879
13.850311467601058 0.809268647716040
20.578148257770248 2.939165373675351
61.004165109547074 4.302976238216728
64.645167004612119 3.100476685492544
6.464058834151157 0.673676327838472
55.699776349603518 2.128926814593806
6.308008889422849 0.610323486993759
36.010458423217521 1.122347450406452
22.244105966513096 1.945906501238191
51.546124830436355 2.520168475583274
8.187279427363549 0.576233437373211
7.202218525247271 0.636362067254429
16.508008277532113 1.048373864583702
9.503261173509239 0.637164727150074
12.521470005565599 0.720782808479187
31.513368073941258 1.891842940771879
22.364998761985998 3.621108524324889
40.438468540662008 1.268085806289727
36.392987043081845 1.099551670534525
16.148258003464800 1.345990250612786
57.608034513965713 4.555451364515094
45.914918931747621 3.005373055583506
17.428383060217421 2.632841554619445
29.103808638760523 1.259213171340076
26.369596497596550 1.874717013419379
39.361172923122808 2.970374427981627
123.916594806936573 3.379100497536640
6.697183573726871 0.535094173670987
36.686135055292681 2.727968483570948
34.942634515135893 1.639202341734991
24.767562751047599 1.680686499354444
68.801850113726630 3.023888848737226
27.286467814811346 1.825957756408471
19.232257927792716 1.127910105806000
38.755654922632878 2.932238063559382
33.213199069373694 1.279287560507324
9.705840242342285 2.981677735589463
92.524985191454604 3.456083095379213
25.376888034314774 3.112069172269563
43.338830111606576 2.925881772884338
56.057767867455290 2.962332592793896
32.707249803466425 2.581639861541281
48.656706648103309 1.180787507818642
34.498455295007318 1.199240218785548
107.625227170433448 3.908228447618070
17.798195387894658 1.922747395896701
65.556831356157602 2.621335680885863
16.641948062576549 1.197064069657150
63.963934750555296 1.661588353878627
15.584218368527234 1.771953940285348
98.546151556715699 3.829682103278899
14.864559190904780 0.925636091700586
21.654190155094838 1.157187195855056
33.785425631699894 2.938896421252821
7.085415240234177 1.954323194421723
12.087652724518847 1.510660789679112
85.046926014349097 2.095231706768685
33.453601030032097 1.783253440532486
39.343833044813863 1.792105842284907
25.808890216147134 1.504572687439887
64.510317811855188 2.147281856344679
24.138108396591939 2.244580411944133
17.116737914602478 1.271092220166820
15.912227221121924 2.268797494596241
79.883325142311080 3.161043265443781
49.114762373089306 2.587442639091724
13.138370961780831 2.099209207348613
12.703491314272149 2.731256368763569
26.283286140690727 2.836087611427571
21.925206030966777 0.938008923415942
11.343162059131402 0.864599733550381
17.451992411339390 3.554040981248971
12.946329127511325 0.541315915151631
7.284525913775757 1.781074740821996
44.507491173854618 1.487588593699605
27.310915956265578 1.331026760239322
21.979490238388397 0.899839244666228
13.147446725580634 1.900742564304146
57.835575817599405 2.380594589089548
45.643614517613315 2.328130383370356
42.194347658749678 2.469837403959618
17.138820151341335 2.971288520363760
25.479336940128206 3.383823279004462
17.795458820411948 1.268493145053194
46.378755568940434 2.638843086235742
24.367518475466223 1.168504305181309
28.671380783816321 1.453771169430404
12.714076062248788 2.237569900216573
37.021083697142309 2.386668406516304
58.741008362612355 3.746917002737133
75.948456597024034 3.408068651057812
34.501867153266375 2.303137113382457
33.961942281472005 1.168940941416165
53.920070840364694 1.927676960627406
24.300011265583350 1.195363452456447
28.404899269657246 1.439352839924094
51.260617790112491 3.436207819467507
22.615403223517792 2.553630344629684
81.770909781096449 2.856353775123250
21.729458927609599 2.016679683971708
57.300356487763437 1.839898208877008
65.715741709904307 1.614105738519740
26.267702954995332 2.250580245160471
57.775479840134594 4.307371652362576
29.027880040399150 1.724203943176708
13.567986993438110 1.730609753974997
63.787450386241545 1.825095946819100
11.875609504238007 0.958705365343246
58.907139910766013 2.466747492041125
35.690070194176627 1.482598018550362
20.131175107626280 2.895304412066612
18.354361314669195 1.954290369504267
52.359506109265936 2.456422613506108
37.274279568602807 1.497288857649293
13.040683423952137 0.786504058533583
22.445800811227571 1.629635567604394
8.044990818798574 1.699329327132685
10.037690925900602 0.550300608645333
59.026495071309988 4.590456571704921
39.242327611444992 3.716845441943428
11.956703403833506 0.611237544414208
91.056130039216384 3.322705789464233
13.116614244218347 1.496075582398186
62.566812245318474 4.420124811315968
10.906380567702112 1.265307247175705
16.862817026715870 1.473675707785880
126.894157755075568 3.239959161685140
98.701149817405877 3.194184821655128
13.216761233206345 0.778136841849488
7.760239919081433 0.605114758296458
30.678507571349151 1.381893768618765
