22.580134667647897 0.868058049856811
48.899198828884266 2.929868465224158
62.366215276652220 0.822534867397076
400.506161391578189 2.335055672804017
46.954396277353311 2.683126316110721
60.545307000652848 2.625286306657809
16.399349871644617 2.761148841900818
27.366845539964245 0.820812267084431
34.596761743601860 0.996734519486068
192.312520968000626 3.365377768283131
428.043221024759873 4.998016296884060
59.173672150840467 2.429151280251472
99.829755295432690 2.815515610217597
237.412452560432143 3.004859224897678
42.812519658013734 2.819671213924579
20.702860314690362 1.340399542065853
91.153841589298622 1.697871190500970
106.733083224967586 1.356873276975819
18.144610283942743 0.609500411999878
179.618998953639164 3.647930258163115
105.038758991666313 3.035040726559633
4.998126313514540 0.910122989593188
238.773629027751866 2.523376004469788
117.598835235490867 1.680288094729454
124.010945034298786 2.909543137913145
193.405983317452950 2.483443708609272
64.492651124662942 1.486800744651631
70.662228845187158 3.039423132351994
17.383398518274767 1.436774908255361
12.629060254397430 3.057048223679286
83.884326662526931 3.608644198261801
98.777587661946711 3.222624701368559
315.870646459801378 3.858394116031373
177.988871733468159 2.408525463001002
60.367227391373689 1.693227942747276
32.705780108842767 3.861323892941069
84.712690757347133 2.397442548905911
59.099925474853521 3.481185338908048
110.657189280160921 1.428994253390750
43.077639583786265 1.989654225287637
115.315155134647966 1.944456312753685
274.307632159563354 1.697195348979156
18.085520801675521 2.461979414874095
30.685258522429553 2.692359860699959
100.119365555618316 1.541061611132109
49.327710401574095 0.774819569094297
4.275505005741461 0.777943934107147
411.139058970281212 3.558607406503155
42.036961191555648 1.694753868221076
87.897345945213189 1.935879437802104
62.476161654446777 3.762126868834838
240.615468429631022 2.654760796183569
59.761683045184846 2.671290220852280
123.654432783608911 0.929715872676778
4.457064308576976 1.242734051535590
486.764860619104866 2.232516611068202
199.084101107380718 4.217674964310299
51.955285412957707 1.283360447855214
392.762954731521290 3.729931536810409
6.728226039215314 0.828302865688040
188.142762991951855 3.667592394787439
215.304212279412411 2.614220608132166
116.952414458482409 0.790075172044837
38.989695260955166 0.763368476570784
175.108176659366563 1.554857020783105
17.070994337625471 1.233442339188974
136.205908973476994 0.731073763759088
175.651495072173816 3.840125788427433
15.893009385455720 1.559934048718496
102.758736460633202 1.547119926526036
24.658969951770011 1.559510441373291
103.683325550822104 3.659047212134159
423.266450537114395 3.396760968860948
55.494849690618715 2.325672404928974
15.338997545120902 2.647144993438520
45.284115065502029 0.698751792962432
54.174772702937453 3.898776103433228
6.803268109662911 2.920987578966643
119.225131759442974 3.898538737248415
23.715333344107318 4.053319748683987
211.570397541270864 4.370403149510178
113.920966643050917 3.828631135296378
48.869700785218335 0.808491136198891
31.330138554094745 3.366895216393186
251.738841712985703 3.258386655951278
464.893060460519962 3.309644188088964
10.357686188677025 0.673718789933274
87.048891240736623 2.088054507622976
225.355072571903861 2.750083925901059
36.376424764752208 0.816714961555807
359.874843145940076 2.738792077394940
144.352024204142339 3.293890116150318
285.316752090827947 2.869269921609165
96.912281205240305 2.577147661851785
30.462649697110912 0.863460188604389
34.506965448997214 0.973204748680074
175.817104950931224 1.564342799548952
272.917537733704876 3.058687093722343
41.615462410974857 0.914785539652021
70.661428171894215 1.434459153322644
184.073428700780482 2.622058778649250
19.920998993683195 2.806672024360553
131.833523314277357 2.936007902468061
14.439545952271253 2.430304723404488
152.518978103403668 3.591631433438740
227.161209729989508 2.122686755671160
22.199360994524586 1.683574442600292
212.435164998618149 2.727315552780197
97.984041671738012 0.981688894314402
229.119856877414691 2.770037944680115
186.990149359016641 2.068830976756634
16.114971348060386 0.838260377140958
161.482442185891784 1.486971335294343
90.391012294981195 3.602729606788569
62.725999142330679 3.164982279701356
427.392844148298934 2.839177106214064
170.779031284358211 3.671010467848751
268.401372853409612 2.533066805017243
273.393382232785370 4.300252964534101
16.391493595336698 0.939573351237526
101.691331083234147 2.405792491351132
120.298073756458280 0.792416098226822
97.856052844902251 0.827451738368209
69.135059299778902 1.419128427887240
57.677208071568316 2.565538499099704
252.410433367000678 2.259998137588396
105.653994544590049 2.707480086672567
69.400160620323334 2.527837967060355
40.090340949028764 1.662160100100711
24.439618568664969 2.939893404324081
67.383697590511233 3.593005157628101
64.555102365320550 2.152114815327804
3.037594946198042 0.816026599619849
33.472061249011745 3.820956512689048
11.490003868058235 0.660562703929506
19.594082397946828 1.797462216389796
409.447571917966116 3.387482037770438
58.449304842021192 1.433645326403284
322.484431649165856 2.736055584378592
46.838720698555832 1.595305262043138
11.551851274037544 0.777328477499381
45.432669731258720 1.553331616993227
35.963405192002284 3.233216971734382
28.008743415677948 2.948454237495040
248.680314170488288 1.589648121585742
40.046146177983580 0.918454542680136
82.421532323374976 2.214301495224375
5.498095080119396 0.631166858255087
43.693535747288337 1.772331919309061
98.292879530867765 1.496279741526483
21.819578572957298 4.071528473899762
174.048720853804184 2.885464033936582
210.495107744602905 4.453413495284891
131.678656306574851 1.593873761359341
324.826544931660351 2.985625782036805
51.097840133127733 0.938564544952069
168.060855437277581 3.000211542830641
56.256710027097000 0.899136326181829
168.623295673927572 2.955656605731376
185.427669896533047 1.740017904192226
78.008342320606829 1.620152023911904
26.262499691476428 2.745759687866075
114.734181037193920 4.008996178404425
131.031809230344010 3.127880119121307
7.946121896302529 0.729401375523999
271.197604473358922 2.956266975920896
12.257161593060557 3.025099517729298
8.781605009047722 3.882442701498458
24.336087049578772 0.682246104912202
55.160857949031310 3.292042572538193
122.089539546550796 2.668152422478422
38.516298356372864 1.287146308082006
195.704148064426420 1.925407676422416
128.769476343209277 1.877590258491775
129.923016657207370 1.624640070698605
7.671712368845208 0.507804782746035
90.624989153969139 3.239748976130091
299.676792913445297 3.915524765770440
60.990575059551801 1.622852259895627
289.382311949117764 2.178197576830347
231.339393506711076 3.413569885691227
163.707684884751984 3.718222602008118
216.833100833501675 2.960088701917372
18.355156462846420 0.774388527753193
2.798010996040322 0.962523270363475
51.961687625482853 1.709149736067061
125.677953553167470 4.999237037263100
215.828607389380636 1.290497866443177
74.873360962021948 2.215186010315256
64.438359596993848 0.842677083651235
20.277307420724597 0.771167912056611
135.009662696739696 2.273341377699420
81.332221178493171 2.678207749666839
269.423853240147537 3.333862842514840
39.464591903696650 0.978453932309946
48.966675909958866 2.962112444274376
130.362406720009176 1.614685298086280
374.620807738403300 3.491910899516112
52.201313628766307 2.599356398544606
23.030164829638398 1.815815708894111
25.041355077557768 2.956321231048853
8.978164806648151 0.853144932401502
86.362202130349615 0.690628783023571
66.630997480264625 1.269074655316911
56.321546937325429 0.749067033514801
29.974066186820135 1.652251757357504
82.871943638113663 2.417340617084261
218.708035631105503 2.943378774611417
389.068466710001587 3.376906982974063
227.024105243684716 1.801529133829924
202.878608050573348 3.449079866939299
7.161171749402369 2.565294351023896
53.025292528014290 0.583975069768704
390.419177450240568 3.597345567864688
60.979865466998518 3.233555544600194
9.151933501925221 0.770668138858697
19.350774782623432 4.206722210353913
494.094936991025577 3.670034658071402
262.132338559822472 4.453260902737511
37.244098793207392 2.221066692333515
107.113573866055063 2.200319583571026
36.928785877471697 1.499422887160550
53.883805852419670 3.329765536986216
217.389726011828884 3.995306540168749
145.314403293153646 2.682444736065757
156.493675006753733 4.246065655486719
393.039807481242008 4.023539421958564
8.764111067752882 1.531977528986715
34.338527613381054 2.398341149462705
116.037502343006409 0.668581768346776
321.590032807767159 3.286953024188658
61.031992838860596 1.379931706357684
102.198508414324678 1.474592558335349
121.397409841512555 2.387239193904436
27.471133811817346 1.850496603968085
54.875513914825653 2.053644496925847
154.881309617709206 3.530014954069643
6.742809736164536 0.820951035007860
17.201960011400786 1.486964292561388
2.863475068969111 0.836124211898619
49.534823797385691 1.620139242655799
10.424903037279027 0.689043516003567
216.122357682454151 1.879386155395555
144.677086942388598 3.652912991729484
351.561059976239392 3.499116658697945
59.857600271423266 2.524567400128178
135.657227934118509 3.915323265355311
86.822348307245676 3.692632701391514
113.280523385771417 2.713227739290546
340.344769774113274 3.855338091612392
365.306959064536329 2.877375846399560
37.342760565323779 2.441510494063367
166.473808152626248 1.287257687599495
106.425779399191313 2.099826044495987
193.591799125314935 3.114791069501601
31.359265057223524 0.953733939634388
14.125244506885517 0.783631332232059
187.743889645478419 2.196508682515945
48.710102605446082 1.527686939564743
242.230170696747734 2.759575182348094
10.260431013611274 0.913541062654500
60.815115530416136 0.823214751969292
85.082024644490446 3.789405721151075
71.365483951653275 2.182498339088811
483.823230647710375 4.438917203283792
95.833973051888265 1.481102391164344
62.963488307706903 1.801958610119260
46.998649736068572 1.237718843145034
128.646570848173923 2.185932062667803
183.032500337083917 4.810632648701437
239.606397022991700 2.013962218085268
25.158336365343391 0.924680318613239
20.436227291830402 0.719752048848396
99.931376392520846 4.558244575334941
137.897004216780516 3.369412993424957
92.238467128437492 2.913080937434708
69.529040317856996 0.605556611965499
76.113334215129527 2.198156682027649
178.667485876460574 4.145527382015312
73.766502576738702 0.718967175386744
175.456341740917082 2.377239295632801
370.898206941288151 2.700794185519671
134.178769836563646 4.998016296884060
36.056642119405005 0.734977263710440
77.904809399849597 1.884507787306335
112.091313225917247 1.547061497926697
10.263774930445361 1.492572133888092
147.934778139271174 4.995574816125981
100.912600232872009 1.653281039736925
32.839879948195119 2.206030457472457
82.221472302560016 0.822747453595563
88.882771528397754 2.139678131453393
55.180007429892079 1.529275467109263
163.537136844414476 2.933176332556807
193.242634653031189 3.202469964700257
136.940781785014309 4.102769515608653
131.762260953706686 1.726088160931143
9.592820680919791 0.869158672512657
110.692737892250534 1.520126956999420
13.474411185337461 0.836915736830285
140.936916093034625 3.341915033861199
140.335225284850708 2.452007296271342
94.111726002136209 1.951658680990020
498.779166840851474 4.166817302899338
147.455566304352260 2.428382057307500
168.009762406213014 1.569994723167122
253.356328367844725 2.601207854786150
102.624654022040716 0.693781971073148
224.118985576560334 3.088512285265116
214.662061237188681 3.589709158604694
172.648784872567887 1.648908285097134
47.488199502566005 0.870052186651204
18.588201350833543 2.330369907810625
426.837968006710923 3.605151524399549
20.238203372218656 2.828699606311228
49.521131189510697 1.276131734580784
60.838474526446277 1.704594392054337
37.760165920509486 0.857722708822901
359.380727741632711 4.419003875850703
18.166769091790030 3.531167875538737
204.228043474010605 2.827626372061322
330.859764263530508 2.839503158665730
68.593566447561841 4.015665255250814
440.309811093438270 2.829485262298764
245.117873744184436 3.192940364484906
190.588346423757486 2.515559353414512
199.034880350256827 1.886467753803793
25.422180659321718 2.854815625163841
105.338985025437694 3.594256807779559
15.931186666183985 3.823896201593275
61.300094087427937 4.751884517960143
345.911958509282670 2.961163501219045
139.046707649166962 0.909366808747283
12.454317430481058 0.760734885708182
86.610724335273204 1.469710379345073
292.145633477511467 2.784737693411054
5.856445283618784 0.958525345622120
44.370415545925724 2.811139725474270
42.999471681888714 0.706583703272445
18.574037138159035 1.309793389690848
162.935618055827263 2.235615413568842
195.134093131398515 1.526153971357987
21.786698481830314 0.780358287301248
51.836196534214196 0.775576532466086
14.253846445691257 1.410541771362109
328.823004023889496 2.971919058652663
46.906443513195732 1.152575592652499
59.819238326867335 3.747363865928276
85.264912105448118 0.746528910810047
50.586928837321949 2.538646605833105
157.080210113441780 4.813531907101657
99.599775996027887 2.996904066760935
116.395138641391043 2.590094161339622
207.236070794609816 2.816817733288573
55.119159547490682 2.500342355074250
64.964594706885975 0.833606304445869
31.632179306908142 2.289437543870357
332.982625397057291 3.196223321410247
90.594778213824270 0.906023336486913
158.956556741163354 3.349619653294082
9.100811799698514 3.251584419283629
67.611959787647891 2.240756999889664
28.374504303303876 0.844976144698426
190.663767499486966 4.053319748683987
121.893553079291252 2.607989745780816
43.869853074202389 3.443545843887650
222.312826262721615 2.383935369622189
58.915935281165176 1.601062044129764
8.444297867314216 2.163457136753441
139.409562709525034 3.656727805413984
262.178810363806178 3.613513595995972
23.927643631995089 0.938622191025524
47.918290695471157 1.374652265060297
185.508366812825955 4.173100985747856
9.339309768648690 0.694820774184158
11.264450129495177 1.514793260574077
39.440365879476353 3.178423987652785
9.517045110020849 0.743583483382672
136.475204306972813 3.523471472627636
124.889710576418182 4.311926294408670
75.451088421920758 2.611611275571968
14.122767307013346 3.308206427198096
33.737920064950664 3.567735831781976
48.760650223906353 3.318751746010878
273.129813871813951 3.911959056159013
72.926268704905638 2.334445302614497
33.857306260130215 1.359700542994711
37.066149041547838 3.564494087886525
353.637510471056203 2.596352020833969
84.369004643655643 2.163029877620777
109.278306288958717 3.008636738181707
514.823743181304508 2.941612874533191
473.897341650082524 3.895471235783135
303.345554433941402 4.239118129846608
114.039903920989801 2.914029358806116
239.588456985814332 3.652243932098665
179.165589273610635 1.523985852975385
124.994826165001115 3.980346079897458
20.904275354954628 0.927121799371319
227.419572903686202 3.605570175747489
67.415611701934097 1.567569675452606
28.265085562202497 2.138820874347471
98.145921535634784 4.942320017090365
342.160488787026054 2.989640661505648
9.720913871512586 0.883080199251958
533.493259744909096 3.711539048432875
133.085186468434927 3.728141117587818
24.920684420313151 0.693127518592163
306.110445925222564 3.765526291695913
22.161359024457525 4.021101853829904
83.366125783922811 4.798730430005799
57.466558659144056 1.395601265500860
246.035102575404636 2.866124297976467
66.860760041638926 1.597603279722485
329.830159511210297 4.626300851466414
169.571226701236839 1.256653882802142
113.649610715354257 3.995420658526832
42.475726153283325 2.557052788413609
124.838683665164126 2.149515655604098
63.538667166470610 2.703370260729799
203.693385365008425 3.716442355622018
157.107470465525211 3.263405255287331
13.732793763131205 0.875816793996670
30.617923313911913 2.593683607569529
55.984969258867650 4.214453566087832
158.977805296661558 2.913723130343510
196.042866659448805 1.497758715447243
300.203799858652530 3.561950878763525
37.220123074468461 1.944554519752127
201.253156068817930 3.645853304045999
12.306508856541729 2.551962848801131
19.683415504088750 0.794518875698111
45.463096571708988 0.839828037328571
251.452614050160406 3.365886410107731
44.651422882016853 1.350074692095628
116.977156760726047 2.073529262164169
65.149020764557562 0.887905514694662
40.649138845974214 1.573778496658223
324.775579244411119 2.496543974433315
52.224444529766217 0.565697873538079
150.066275565111169 2.426396397876851
90.812438902006178 2.676651305683564
327.683945777238364 2.873233545632606
25.805884297688891 0.912717062898648
24.753751544509260 1.960956653543707
154.147386730905453 4.787438581499679
152.395969921278322 1.566238077240000
34.161171881788462 2.360442377532743
83.514567244529459 2.175389873958555
164.838872356430841 1.203666968460816
359.227147140099532 4.411908322397534
158.640390771237918 2.306114344247222
53.742717329752367 1.785010664523589
43.788580062792107 1.254403599201719
45.477824106755264 3.278202819753770
2.542999971483824 0.614886928922391
70.448157266484756 1.843636721226980
348.055751351752576 3.475081637012848
100.048254989482288 3.764309463946294
169.513387116277386 4.700460829493088
378.592406455129094 2.339113852038441
149.106424341369916 3.121880754010641
96.586201059466106 2.160874018810357
50.558861881381567 2.387401959288308
58.731567265892863 4.636617803142050
312.232477863452345 2.369914853358562
343.906468620235103 3.643665883358256
261.644505734588392 3.016407220209827
23.918940006502567 0.678914761803034
49.723990355463393 0.775139622180853
321.453933600652078 2.870831321589707
381.293621752178126 3.614307077242348
18.055499744974693 0.601467001274735
20.102569408334272 0.767920690479973
81.398294145736116 2.631341491948200
439.262438593205331 2.517202266507970
60.813989032239270 0.657212188936180
73.934910900342487 2.718010798335515
22.381389687576490 2.778435621204260
152.497063362021663 2.763677965557906
87.910188415706870 0.766287428539084
37.475639203070102 3.640357363920705
144.284216831411385 2.889961471033891
14.323496714988490 0.801125350473780
120.972117699311028 3.564372013848621
125.698293487513808 4.455244605853451
299.523392127193290 4.216746366927953
153.467290477595441 1.704031495101779
153.353652355719646 3.930631427961059
98.988344782540594 1.693635117048918
295.864176789475550 3.950804162724692
82.981445844791466 2.747765562548729
242.587895128278092 2.664459161147902
381.187163735656384 2.204161394398523
62.492808824353311 0.650651231082763
93.382439771210230 0.835750816630971
187.172651314785099 2.054414502395703
270.365500760583188 2.097469859059263
40.166655931736521 2.328304822002750
138.156739501452137 2.800734478794723
223.207047406565465 3.214997160735251
82.407272571872966 0.636136419302409
212.777870833881963 2.458087522390022
58.694154011339457 2.530586458806924
229.047423587784579 3.440534684286020
241.770976094767974 1.461259099797873
15.344136460332656 1.991210669270913
66.387897267677715 0.762281417696927
213.588974255348660 3.220570831765021
28.660360894062560 2.032373095821077
508.594085213704489 2.663716022400064
169.412525689726294 3.586077455977050
14.203019320131858 0.753270762563649
200.604194032731300 1.951504262548911
265.889592656047853 4.251826350202766
192.150548374706744 2.884823145237586
7.118813617470228 0.744326100446588
207.370899459832913 3.262835576443779
39.230537057783216 1.796830065896505
6.441510755895226 1.388714255195776
12.921106614666861 3.569560160459541
291.249218876565976 3.678897415812605
100.730783522486021 2.119597343481129
180.539873860884398 3.990398146561359
5.501185062541277 1.492358243479799
28.217799573829723 0.596699853589407
22.243804139747184 0.629295186761540
97.032582964640156 1.567715746950953
46.759121802893340 1.277913546018652
100.803249583439907 0.827539902951140
24.316013371093423 0.595878983937091
70.926070548854526 0.947630237739189
89.256035013857229 3.901198021044208
215.142339153092621 2.999359111301005
227.227767327637281 2.550319935707673
15.292357557488231 0.758998460771586
113.531399854513964 1.701834162419508
104.652035391365843 2.473403118991669
96.519555978677474 1.657371041690631
91.771118306903901 3.493569202285289
341.459904394407886 2.800498416819716
103.444192154877342 3.576960377323548
108.872604126375265 2.316171758171331
383.648622820981188 4.107799852832966
146.891779453282311 1.282944926610810
16.316911667929237 0.798817551220884
61.214794848877915 3.860892069074081
142.541205572035665 1.461470381786554
26.631919575903158 2.710091114705513
319.596280331327932 3.002368184166945
13.996025372106430 1.935666982024598
118.756409244206353 1.477206455629870
197.352715769296424 3.863034233681532
254.731022805844219 3.967557520217208
69.385788296481138 0.708369296918752
112.450433329851066 1.889828180791650
103.283234334355271 0.850179941827026
126.048228447358525 1.423161827135337
106.713788053550729 1.719005910418002
55.001189923843192 1.026983840057969
40.896492403163712 2.659627063814203
27.936484908695604 0.724899373692367
71.870563875866637 3.054088971627960
67.421536003880931 1.589957219309922
27.990938604951197 3.975951414532915
53.613856083009324 0.654959296916144
31.365612112277454 2.334356485926663
24.383588950563990 3.502488041048178
360.077732831039441 3.395001068147832
84.016609861763271 3.998853338737979
7.098472467571393 1.562832524592833
197.838547543774524 2.065907068791068
151.428812732748383 2.488190119358673
155.519253370917852 2.722952970976897
130.421627017641612 2.534150212103641
211.564738328255572 3.726950374034331
27.089537057279706 2.909973787991305
119.626217257809401 2.760480564795882
57.884742080339592 2.858851893673513
111.428622972785945 2.447360657572151
80.515303957139338 2.504819446498574
80.822390727621752 4.126560258796960
43.629817692465728 0.779780131093953
182.389967361255003 4.094091955659997
202.606775009915509 2.106069818524422
229.857194246667859 4.070568575482055
83.616822334484425 3.583605456709494
113.775770064219927 1.715503846245141
8.753151663151113 0.862702312285735
121.796049389792486 2.598040711691641
46.488362779504477 3.133657246880917
395.687157955971315 4.569892473118280
157.287772411464204 2.035775127101767
27.444267939629711 0.877574999237037
230.891023988570510 3.414654988250375
17.181308860789741 2.320830917284666
23.045538386763443 2.794457838679159
676.277914689495560 3.660010501497363
15.107306389376618 1.881211788282927
51.996348667852899 1.704421453833973
216.635758654521254 2.245104322438225
299.078154145145163 2.381454762569909
118.268232274166238 0.761223181859798
56.428093624288245 3.709450486848479
36.237418175751145 3.264150219928900
85.026647174087259 1.759025849177526
34.480232290520391 3.848078859828487
16.586774856559543 2.799350973031810
12.025601115134856 3.334086123233741
171.447248220818892 3.930546654323625
169.253076111926845 2.966180013819407
276.932412036765754 4.535593059412756
9.007804263140791 1.458220812632263
389.684268216394287 1.770984018473871
33.577436155610783 3.809320352793970
27.990633804710470 0.835627307962279
30.534307885672838 0.792595818338181
192.158028070351236 2.565213229173921
55.242283730405262 2.666008823240184
8.732436179967513 0.860079415943547
53.384722212611372 0.718113048384358
78.055374526631596 0.702877269422879
124.857065291737683 1.969298379467147
104.012733423786827 1.224035334695450
153.989930606765682 1.996917630542924
124.048730975055634 1.638477736747337
203.534711688723490 2.591392763044119
75.002751225056159 1.604636100683953
336.453467705319042 3.817467099351312
265.264387190971547 4.124894782873847
33.121912520137101 1.423081748653208
6.943606344956560 2.913663136692403
18.562827559107443 1.393166827475736
167.864106814490526 2.365105710117460
47.798972704998981 1.928572602360255
58.083713656702265 0.799891959259616
197.550391609586967 2.937550521827385
43.933821588120900 3.013519699697867
53.217940752279418 2.496396859567122
3.508169189396067 0.952513199255348
231.382517769635285 3.144823891245596
124.399559065700416 3.589851578315582
299.907652366602008 2.810773503360557
76.747689921823167 0.690980267566467
469.910136504856155 3.198509340359372
73.512107783220486 0.700225158781023
217.608623580892584 1.965885001561139
13.025199409446289 1.705130161442915
113.411412727197359 2.465077043585909
142.731994281173371 2.878941419851482
27.205299673211382 0.590879034801274
4.423180633578858 0.707086736994876
68.717221080667287 0.772976198953554
13.133547912642168 1.122887864823349
37.938977400814046 1.273715555492954
60.905267581874654 2.966399121066927
440.213194730182181 4.527726065858944
76.466898947743374 0.781487472151860
199.045605907918457 3.149174996002597
174.092548405002191 3.001258040779510
239.662206960511355 2.179893701683917
38.018208377367969 2.752715299606989
336.060885000660960 3.583718140436790
159.195729881771854 3.528862032600551
117.780707839953820 2.250924358700475
31.078092057940953 1.470100077235305
220.102968028437886 2.316730481652507
144.339939959496178 3.770105372327119
21.451936520480100 0.747776648332085
66.721634683797546 1.467436359126169
45.747870285020745 2.176366466261788
21.853945928063844 4.064777231835553
125.461420803411386 4.588457899716178
16.884117901879613 1.714656631554730
284.834470980723722 2.177267936080156
23.519542133036772 2.576494644001587
89.211250600489379 3.304417045604826
93.525699586295474 1.679020663639335
34.852217310825161 0.793815254507414
81.413175390074443 0.747300872594613
122.793959176422348 1.930112613299966
60.254513454446361 1.661732840968047
18.142516236834126 1.640434312299298
248.147426433955076 2.152384004231900
19.564489856693839 1.459541455482494
262.430907415747129 3.653218176824244
391.846667079783117 2.849888842198177
53.096098383027751 2.267861348933769
114.958890486782039 2.841514250187610
134.036102110106128 4.987334818567462
341.872939144671932 4.028902984788480
163.762676460706217 4.085692844505065
112.215324385856221 4.696493423261209
348.739882616118109 4.554124576555681
30.574867567087193 2.380764574740221
44.452944630461644 0.858493235976680
93.019243601748187 0.776752016764835
135.374281301586620 2.941082452404819
130.865415347854110 3.562066170910435
89.063809226233715 0.739189209281070
97.659709083533045 1.673672620906118
75.487811293398948 4.111091026280088
48.876703257199345 0.646510886630519
12.861168043080639 1.376127065509676
43.886058591513162 1.563097018341624
6.419684076292526 1.673672620906118
49.019538370767897 3.222001289080973
154.534694034551961 1.390301217688528
114.991247537197580 4.201178014465774
202.529176983589480 1.434934146534232
61.413047812294785 3.511039092645587
97.650613698652890 1.704437104351652
34.347735596957733 2.851649525437178
248.754387337076821 3.224710915375304
196.737166425693772 2.118646574532069
5.632743636703487 0.684478912101215
355.670747958129368 4.453871272927031
206.710680552612700 3.804764095834380
219.491016733981269 1.584046018782186
87.420067503118403 1.640766624958037
113.755699863198089 2.539384136478774
520.823729286948833 4.092845131084824
215.882114590298301 3.067245840157612
245.068286848695351 3.550998124807140
142.070455362567429 2.382911825765917
164.386744622771147 2.497789755640642
22.255887176560542 3.786784911544578
226.375921659620559 2.558270659531074
32.933839364521376 4.003112887966553
38.880618442148389 4.300011685719868
22.875082526242224 0.748619037446211
82.842626728060679 0.757730768839506
44.346925401234095 0.730255502526385
153.040945016243711 2.256488117735714
118.088952840812652 3.785027619251076
36.327862652526079 0.600233610060570
28.783336973126310 1.548488825139114
106.096421706225769 1.766899624622333
105.164004956298768 3.128025147251808
151.074101628147048 2.925935359710194
59.808142878823837 1.819706036326416
42.207326749780691 2.511976949917561
322.060568915681301 2.239969387587418
96.276272531151434 1.862712093859285
25.202992272224929 1.360506022971308
143.902029467795472 2.427101453698334
168.999071101878911 2.264048882826922
112.617374623704407 1.173303659951812
68.358221594491567 0.971221045564134
103.301411795431363 0.824207386053145
140.458317886999367 3.701598491707443
22.778658044285958 1.556199835200049
40.781013657175869 2.365700951473222
61.383993354728396 1.820795312356944
327.390487291308432 2.323129978331858
18.651827157549718 0.815926045043755
39.884593987740431 3.004191991160588
108.477496885246993 2.059633167516099
141.752349748308092 2.646185355862775
191.552216879760465 3.462752159184545
98.867441343893574 0.738097846514851
145.316060002608339 2.363353765084165
243.926925142626914 2.820642719809565
211.310215106442911 1.729036327199113
214.283852556483538 2.408908900684163
62.264369936434477 0.519986232761281
25.232187004860091 1.508253952603451
54.055680093394919 0.758161158075706
107.324053468334967 3.402963008175570
94.415978313372520 2.399788561506143
74.265860097804023 2.373577074495682
11.809566875335150 0.850365270040553
132.396429060981120 3.317992695903398
390.018813171696536 3.747428815576648
275.845123831569140 3.239077047237697
32.684555964445515 4.595544975805605
508.899828010190504 3.331142260858134
132.688750993544971 2.439660602873592
42.440001410961571 0.809129807741216
83.180405179973420 1.454329050569170
103.903639335561422 3.653701386557615
33.656523799797768 3.644398327585680
194.953776939178738 3.560441908017212
102.772502893102811 1.628227430192822
7.959979932810608 2.163955605741549
224.942329667462928 2.298539102427160
47.836017015268745 2.657069769225291
9.817028521801397 2.490915657012645
32.281764834850996 3.163548692281869
16.481539102396763 4.181493575853755
75.924639522196387 1.284123932276036
138.966117912743925 2.440850042217271
98.482243902642423 3.852046266060366
4.224442768716003 0.769535693483568
67.604174594422545 3.416685382077393
133.406794171075717 2.805627613147374
126.284558004838118 0.725737458914130
3.257564741928598 0.695771934396160
49.732316596405504 2.230380315404882
260.104640267044260 2.344475328132666
170.304881471201554 3.355433820612201
51.838282799721618 0.847368456746795
78.489368104101800 0.720701904850591
217.964141286824201 2.122691450826464
262.079554995358649 3.312821243178004
111.220721943327973 0.763359477523118
318.665234248473780 3.538682210760826
222.650899566855401 4.030426953947569
54.932846101957857 4.032054607786290
113.007610939756248 4.187699006113875
111.458627590102736 1.621431192890283
12.299375476924485 1.812046672973825
12.919347736177128 3.088776779013907
30.093428597967570 1.512338998559892
151.989075509677889 3.210079246396273
152.758799361884911 3.809794433058693
29.730805693979416 0.713314208400728
371.618090931945972 4.049653614917448
12.729190862997841 2.054760378836431
130.204438166927474 3.448127272096510
98.779037395966881 1.265073600472020
12.915599445550688 2.029694509720145
199.112632963965893 2.866431439385937
15.849751345971034 3.316563803639215
11.653714388484543 3.923703726310007
70.734426682480404 0.799768059327982
85.304136682881278 1.655428290762621
69.320896743586061 1.507304748706159
191.860974895832328 2.801945046337270
372.475095918413331 3.264128309204147
156.001768429386686 2.381997053007520
73.361401205729166 3.691489561495970
124.457250163061644 1.252471021110201
355.497010311805070 4.618171059636559
33.054046146373850 2.269540649480833
275.633432200005871 2.485183263649403
230.576079819942265 3.055472477390872
218.291859231163357 3.027427662655179
33.774027559604917 3.238395336771752
391.775274782163081 3.884517960142826
137.781307537836824 2.326975310525834
67.175331793648169 0.771473618835294
107.195154342086326 2.970970115597332
9.396243149649756 0.621075404455024
27.533654525212235 0.586845505132196
39.433655181198716 3.040484498292659
41.190924827998124 0.810144352549822
558.563687295603700 3.221147292499567
149.803023930491349 3.124633680070553
18.529365720513727 3.755607776116215
226.419101657794897 2.495489129541682
105.207695353582324 2.244478692993968
128.393727695916937 3.065889461958678
56.835632793865081 1.891842402417066
200.540382843833839 2.741186084916058
62.853577592764950 3.855342265083773
15.803343669054678 1.580479004960953
17.356879011464727 2.442152165288247
256.437853280562933 3.257010975447207
53.857278738314527 3.139059283900130
269.466215728290194 2.930099310359939
25.441013727008219 2.432981353190710
106.001090650915728 2.727439191869869
184.953547170730275 2.809930722983489
59.550867143996101 0.739113173849341
30.999532526381220 4.830164494766076
176.784621449939664 4.383831293679617
121.560229108501289 3.914515307380080
68.387907454156689 2.371013519699698
338.495575679980050 3.522427452677400
258.289224975303512 3.306664329522693
131.050082871037660 2.869034120476120
15.520543893863545 1.745780816064943
10.822045415617147 0.881374553666799
183.100184636741375 2.852558298830462
33.437019049471331 0.825861384929960
70.718500271617231 0.755363628040406
236.267875255707025 3.114690384504527
199.472986997942485 3.426771619038229
240.997355181805744 4.660176396984771
232.043491062240150 2.491041252417026
20.738680723951429 1.273711121179611
67.001310660717962 1.635914181951353
69.813023114102819 2.131139209007186
39.485803229980775 3.294500225497876
14.982916155105926 1.618964410461954
226.677628939012919 3.357036042359692
73.682286624514887 3.068500489991624
141.151984981680414 2.583783481348104
117.305937165162632 3.748998040816029
52.214157375544559 3.661323188667774
26.013652144946676 3.504535389602682
129.445075964859740 2.371013519699698
122.973014153688354 1.680715353862118
104.085756700312047 4.890896328623311
118.566719329337900 1.266880974422098
169.833560229728420 2.242727008802634
14.983742883457021 1.487044892727439
122.403357949424219 3.178319650868251
9.029062766369568 0.915679053790568
62.976068948837501 1.561204870754112
160.899635842609143 4.693441572313608
246.321609435748087 2.361033967101047
73.914042291398772 2.652872300383516
335.281999225983043 2.438628059969653
43.083064579496437 0.739203425167963
163.382309278438157 3.110066178214010
47.710101698188907 2.415964154054306
26.591982886093163 0.806497390667440
52.986709013176082 2.286416211432234
23.167575408366023 4.535050508133184
14.730784309248337 0.776728932251257
44.066451748622377 0.871435692414116
347.311931467105069 3.038300729392376
29.386148813041945 0.729597528678922
17.972676819862091 2.906899504635031
100.413795144750964 1.804177983947264
109.394263428106797 2.390084458018660
8.719438689501239 0.982634968108158
194.171367890723843 3.271054184961470
152.134275703860510 1.496627704702903
29.249708025520388 1.602002640242332
19.264268611999952 1.149193254939890
280.179200534343977 3.996315346454206
342.003652534221374 4.569383831293680
106.845221357128011 2.984843256152805
102.084235391011475 1.711320723711238
156.035095283518302 0.842475583236104
88.963810977180813 3.296609393597217
47.538371830268176 1.523414348238104
3.187574742099590 0.851768469371546
37.236559791345456 1.750423020450792
140.571878262275106 1.250356636171633
194.254509570666301 3.054780724509415
62.191968160379957 2.870265816217536
243.859308029480303 2.752162314648963
166.246378570184646 2.952416948571616
63.747155175548606 1.580855139069196
24.206079184772889 1.486766835196658
221.946719538572182 2.755165257728812
377.513913474262836 2.988344276957821
140.631418227996534 1.621468754132715
30.779002132271373 0.818613891034314
7.047357373482084 1.820307016205328
75.301676371507909 1.618759388680346
15.460860019075016 1.601243850976814
90.939306219397253 4.694967497787409
7.026186480459645 0.752483671945325
76.481687615360926 1.518049872461323
91.740501524068847 0.932370983001190
45.799189046917135 1.449018829920346
66.814891359093224 3.297677280586915
81.017189523255595 2.535447248756371
155.683959429159103 3.581286049989318
64.991041475392151 4.215290216678809
243.247606339063282 3.406767649023577
260.157076188424867 3.833319769551344
117.039596513717669 2.113138766097536
130.124336008529980 1.967510699085149
80.797910294805760 2.025162511062959
156.062061625775073 1.187092026869852
521.269674377079468 4.686914002231243
99.150556817747670 3.010874762209947
279.823695953662025 2.332191628068577
287.229638902555280 3.679692983794672
85.681768761545229 2.398768408595369
449.517064012072069 4.528963760965470
3.229813707543082 0.786177149774672
161.082285265232770 4.096346934415723
273.653306499290011 2.132455026281131
47.159016624027217 0.924729487322950
162.919121795465941 3.056796511186599
244.377628656345422 2.769073220686123
70.899297064025703 4.392529068880276
27.696967268920165 0.857354791236440
23.788986586385658 1.768242439039277
58.984691874144993 0.760356143180326
65.900804923704612 3.260242807348126
73.412451409208629 3.172948393200476
445.336562976575010 3.404505366692934
60.942579024383463 0.599683233522157
57.717139688149814 2.784661397137364
112.720709936107994 1.559138219894469
171.777236879838938 4.430066835535753
217.447011135244651 2.562771487573880
93.066851961479401 3.093604442034265
84.768586519855603 0.805602572319086
52.144587879649769 0.728200980817943
93.826036586054386 1.392079638180898
137.441375355324539 1.892147587511826
195.984131304956378 1.998164194276136
522.437580674698324 4.920194097720268
145.107439735374868 3.734893011756930
137.147582284088486 2.813340188260077
201.300276035061813 3.567269446355112
147.014225787744778 4.678182317575610
171.270938566285082 4.271815321804641
376.029793658017979 4.895474105044710
289.542109004916711 3.926575335462325
334.507708227930721 1.361919525559774
