1.000000 0.000000 0.000000 0.000000 0.000000 0.000000 0.000000 0.000000 0.000000 0.000000 
5.000000 1.000000 0.000000 0.000000 0.000000 0.000000 0.000000 0.000000 0.000000 0.000000 
4.000000 0.764706 1.000000 0.000000 0.000000 0.000000 0.000000 0.000000 0.000000 0.000000 
6.000000 1.205882 0.105769 1.000000 0.000000 0.000000 0.000000 0.000000 0.000000 0.000000 
1.000000 0.147059 -0.298077 0.045131 1.000000 0.000000 0.000000 0.000000 0.000000 0.000000 
4.000000 0.764706 -0.307692 0.560570 2.475744 1.000000 0.000000 0.000000 0.000000 0.000000 
5.000000 0.970588 -0.201923 0.448931 0.056258 -1.004514 1.000000 0.000000 0.000000 0.000000 
6.000000 1.205882 1.740385 0.947743 2.121076 2.848319 5.304745 1.000000 0.000000 0.000000 
6.000000 1.205882 0.105769 0.382423 2.584183 2.408124 -100.124088 -6.730491 1.000000 0.000000 
2.000000 0.147059 1.663462 -0.980998 -0.084794 1.906759 -60.200730 -3.862784 0.605522 1.000000 
