0.771757414575964 0.100000000000000
0.108315281390443 0.010000000000000
0.007900107931665 0.001000000000000
0.001108767543528 0.000100000000000
0.000080869323671 0.000010000000000
0.000011349880552 0.000001000000000
0.000000827817487 0.000000100000000
0.000000116182861 0.000000010000000
0.000000008473940 0.000000001000000
0.000000001189299 0.000000000100000
0.000000000086743 0.000000000010000
0.000000000012172 0.000000000001000
0.000000000000885 0.000000000000100
0.000000000000124 0.000000000000010
0.000000000000007 0.000000000000001
