0.000000000000010 823011839.999774932861328
0.000000000000010 411505919.999887406826019
0.000000000000010 205752959.999943614006042
0.000000000000010 102876479.999971732497215
0.000000000000010 51438239.999985851347446
0.000000000000010 25719119.999992903321981
0.000000000000010 12859559.999996440485120
0.000000000000007 6429779.999998214654624
0.000000000000010 3214889.999999105464667
0.000000000000010 1607444.999999551801011
0.000000000000006 803722.499999775667675
0.000000000000005 401861.249999887484591
0.000000000000006 200930.624999943567673
0.000000000000010 100465.312499971798388
0.000000000000007 50232.656249985877366
0.000000000000010 25116.328124992924131
0.000000000000007 12558.164062496449333
0.000000000000007 6279.082031248222847
0.000000000000010 3139.541015624112333
0.000000000000010 1569.770507812055030
0.000000000000010 784.885253906026833
0.000000000000010 392.442626953013246
0.000000000000010 196.221313476506594
0.000000000000010 98.110656738253226
0.000000000000010 49.055328369126599
0.000000000000010 24.527664184563282
0.000000000000010 12.263832092281634
0.000000000000010 6.131916046140812
0.000000000000009 3.065958023070403
0.000000000000010 1.532979011535201
0.000000000000005 0.766489505767600
0.000000000000005 0.383244752883800
0.000000000000005 0.191622376441900
0.000000000000010 0.095811188220950
0.000000000000010 0.047905594110475
0.000000000000005 0.023952797055237
0.000000000000010 0.011976398527619
0.000000000000010 0.005988199263809
0.000000000000009 0.002994099631905
0.000000000000008 0.001497049815952
0.000000000000010 0.000748524907976
0.000000000000008 0.000374262453988
0.000000000000009 0.000187131226994
0.000000000000009 0.000093565613497
0.000000000000010 0.000046782806749
0.000000000000009 0.000023391403374
0.000000000000009 0.000011695701687
0.000000000000009 0.000005847850844
0.000000000000008 0.000002923925422
0.000000000000008 0.000001461962711
0.000000000000008 0.000000730981355
0.000000000000007 0.000000365490678
0.000000000000007 0.000000182745339
0.000000000000007 0.000000091372669
0.000000000000007 0.000000045686335
0.000000000000006 0.000000022843167
0.000000000000006 0.000000011421584
0.000000000000006 0.000000005710792
0.000000000000006 0.000000002855396
0.000000000000006 0.000000001427698
0.000000000000006 0.000000000713849
0.000000000000006 0.000000000356924
0.000000000000006 0.000000000178462
0.000000000000006 0.000000000089231
0.000000000000006 0.000000000044616
0.000000000000006 0.000000000022308
0.000000000000006 0.000000000011154
0.000000000000006 0.000000000005577
0.000000000000006 0.000000000002788
0.000000000000006 0.000000000001394
0.000000000000006 0.000000000000697
0.000000000000006 0.000000000000349
0.000000000000005 0.000000000000174
0.000000000000006 0.000000000000087
0.000000000000006 0.000000000000044
0.000000000000006 0.000000000000022
0.000000000000005 0.000000000000011
