59 100.000000000000000
58 90.909090909090907
58 82.644628099173545
58 75.131480090157766
58 68.301345536507057
58 62.092132305915499
58 56.447393005377720
57 51.315811823070653
57 46.650738020973314
57 42.409761837248467
57 38.554328942953148
57 35.049389948139222
57 31.863081771035652
57 28.966437973668771
56 26.333125430607971
56 23.939204936916337
56 21.762913579014850
56 19.784466890013498
56 17.985878990921361
56 16.350799082655779
55 14.864362802414345
55 13.513057093103949
55 12.284597357367225
55 11.167815779424750
55 10.152559799477045
55 9.229599817706404
55 8.390545288824002
54 7.627768444385456
54 6.934334949441324
54 6.303940863128475
54 5.730855330116795
54 5.209868481924359
53 4.736244074476690
53 4.305676431342445
53 3.914251301220405
53 3.558410273836731
53 3.234918430760664
53 2.940834937055149
52 2.673486306413772
52 2.430442096739792
52 2.209492815217993
51 2.008629832016357
51 1.826027120014870
51 1.660024654558973
50 1.509113322326338
50 1.371921202114853
49 1.247201092831685
48 1.133819175301531
46 1.030744704819574
