0.058284928845178 0.100000000000000
0.008180172875125 0.010000000000000
0.000596631107208 0.001000000000000
0.000083736223958 0.000100000000000
0.000006107404420 0.000010000000000
0.000000857164467 0.000001000000000
0.000000062518344 0.000000100000000
0.000000008774350 0.000000010000000
0.000000000639967 0.000000001000000
0.000000000089818 0.000000000100000
0.000000000006552 0.000000000010000
0.000000000000918 0.000000000001000
0.000000000000066 0.000000000000100
0.000000000000010 0.000000000000010
0.000000000000001 0.000000000000001
