50 823011839.999774932861328
50 411505919.999887406826019
50 205752959.999943614006042
50 102876479.999971732497215
50 51438239.999985851347446
50 25719119.999992903321981
50 12859559.999996440485120
51 6429779.999998214654624
50 3214889.999999105464667
50 1607444.999999551801011
51 803722.499999775667675
51 401861.249999887484591
51 200930.624999943567673
50 100465.312499971798388
51 50232.656249985877366
50 25116.328124992924131
51 12558.164062496449333
51 6279.082031248222847
50 3139.541015624112333
50 1569.770507812055030
50 784.885253906026833
50 392.442626953013246
50 196.221313476506594
50 98.110656738253226
50 49.055328369126599
50 24.527664184563282
50 12.263832092281634
50 6.131916046140812
51 3.065958023070403
51 1.532979011535201
52 0.766489505767600
52 0.383244752883800
52 0.191622376441900
50 0.095811188220950
50 0.047905594110475
52 0.023952797055237
51 0.011976398527619
51 0.005988199263809
51 0.002994099631905
51 0.001497049815952
50 0.000748524907976
51 0.000374262453988
51 0.000187131226994
51 0.000093565613497
51 0.000046782806749
51 0.000023391403374
51 0.000011695701687
51 0.000005847850844
51 0.000002923925422
51 0.000001461962711
51 0.000000730981355
51 0.000000365490678
51 0.000000182745339
51 0.000000091372669
51 0.000000045686335
51 0.000000022843167
51 0.000000011421584
51 0.000000005710792
51 0.000000002855396
51 0.000000001427698
51 0.000000000713849
51 0.000000000356924
51 0.000000000178462
51 0.000000000089231
51 0.000000000044616
51 0.000000000022308
51 0.000000000011154
51 0.000000000005577
51 0.000000000002788
51 0.000000000001394
51 0.000000000000697
51 0.000000000000349
51 0.000000000000174
51 0.000000000000087
51 0.000000000000044
51 0.000000000000022
51 0.000000000000011
