1.000000 7.000000 4.000000 9.000000 4.000000 8.000000 8.000000 2.000000 4.000000 5.000000 
0.000000 -34.000000 -13.000000 -44.000000 -19.000000 -35.000000 -38.000000 -3.000000 -14.000000 -24.000000 
0.000000 0.000000 -3.058824 -0.352941 0.529412 -4.235294 3.058824 2.294118 -0.294118 5.352941 
0.000000 0.000000 0.000000 8.096154 0.855769 1.653846 6.500000 -3.625000 -3.086538 1.375000 
0.000000 0.000000 0.000000 0.000000 2.913302 -3.190024 -0.793349 2.288599 6.110451 7.062945 
0.000000 0.000000 0.000000 0.000000 0.000000 3.432124 -2.679576 0.366082 -10.782307 -12.256828 
0.000000 0.000000 0.000000 0.000000 0.000000 0.000000 -0.065091 1.241359 -11.260245 -4.951776 
0.000000 0.000000 0.000000 0.000000 0.000000 0.000000 0.000000 -17.421533 79.802920 40.520073 
0.000000 0.000000 0.000000 0.000000 0.000000 0.000000 0.000000 0.000000 -578.040432 -205.958835 
0.000000 0.000000 0.000000 0.000000 0.000000 0.000000 0.000000 0.000000 0.000000 -0.924133 
