47.30555555555556 6.805555555555559 5.472222222222225 4.138888888888888 2.805555555555555 1.472222222222221 0.138888888888887 -1.194444444444445 -2.527777777777772 -3.861111111111099 -5.194444444444435 -6.527777777777767
6.805555555555549 21.30555555555556 11.97222222222223 10.63888888888889 9.305555555555555 7.97222222222222 6.638888888888887 5.305555555555555 3.97222222222223 2.638888888888904 1.305555555555569 -0.02777777777776623
5.472222222222226 11.97222222222223 26.6388888888889 9.305555555555557 7.972222222222225 6.638888888888888 5.305555555555555 3.972222222222222 2.638888888888895 1.30555555555557 -0.02777777777776942 -1.361111111111106
4.138888888888884 10.6388888888889 9.305555555555561 31.97222222222222 6.638888888888892 5.305555555555557 3.972222222222222 2.638888888888891 1.305555555555564 -0.02777777777776068 -1.361111111111098 -2.694444444444432
2.805555555555554 9.305555555555561 7.972222222222227 6.638888888888892 37.30555555555556 3.972222222222221 2.638888888888888 1.305555555555554 -0.02777777777777311 -1.361111111111098 -2.694444444444432 -4.027777777777767
1.47222222222222 7.972222222222226 6.638888888888891 5.305555555555557 3.972222222222221 42.63888888888889 1.30555555555555 -0.02777777777777844 -1.361111111111103 -2.694444444444432 -4.02777777777777 -5.361111111111103
0.1388888888888801 6.638888888888888 5.305555555555553 3.972222222222218 2.638888888888884 1.305555555555549 47.97222222222223 -1.361111111111114 -2.694444444444442 -4.027777777777765 -5.361111111111098 -6.69444444444443
-1.194444444444443 5.305555555555561 3.972222222222226 2.638888888888892 1.305555555555556 -0.02777777777777519 -1.361111111111107 53.30555555555556 -4.02777777777778 -5.361111111111105 -6.694444444444441 -8.027777777777772
-2.527777777777775 3.972222222222222 2.638888888888889 1.305555555555556 -0.02777777777777874 -1.361111111111109 -2.694444444444442 -4.027777777777784 58.63888888888889 -6.694444444444441 -8.02777777777778 -9.361111111111113
-3.861111111111109 2.638888888888888 1.305555555555554 -0.02777777777777933 -1.361111111111112 -2.694444444444443 -4.027777777777772 -5.361111111111115 -6.694444444444445 63.97222222222221 -9.361111111111111 -10.69444444444445
-5.194444444444444 1.305555555555555 -0.02777777777778111 -1.361111111111113 -2.694444444444446 -4.02777777777778 -5.361111111111107 -6.694444444444448 -8.02777777777778 -9.361111111111109 69.30555555555556 -12.02777777777778
-6.527777777777779 -0.02777777777778229 -1.361111111111116 -2.694444444444446 -4.02777777777778 -5.361111111111113 -6.694444444444441 -8.027777777777782 -9.361111111111116 -10.69444444444445 -12.02777777777778 74.63888888888889
