49.38888888888889 6.388888888888891 5.055555555555557 3.72222222222222 2.388888888888888 1.055555555555553 -0.277777777777779 -1.611111111111113 -2.944444444444438 -4.277777777777765 -5.611111111111101 -6.944444444444433
6.388888888888881 21.38888888888889 12.05555555555556 10.72222222222222 9.388888888888889 8.055555555555552 6.72222222222222 5.388888888888889 4.055555555555564 2.722222222222237 1.388888888888901 0.05555555555556592
5.055555555555558 12.05555555555556 26.72222222222223 9.388888888888891 8.055555555555559 6.722222222222221 5.388888888888888 4.055555555555555 2.722222222222229 1.388888888888904 0.05555555555556451 -1.277777777777772
3.722222222222217 10.72222222222223 9.388888888888895 32.05555555555556 6.722222222222226 5.388888888888891 4.055555555555556 2.722222222222224 1.388888888888898 0.05555555555557236 -1.277777777777765 -2.6111111111111
2.388888888888888 9.388888888888895 8.055555555555561 6.722222222222225 37.38888888888889 4.055555555555555 2.722222222222221 1.388888888888887 0.05555555555555992 -1.277777777777765 -2.6111111111111 -3.944444444444435
1.055555555555554 8.055555555555559 6.722222222222225 5.38888888888889 4.055555555555555 42.72222222222223 1.388888888888884 0.05555555555555548 -1.27777777777777 -2.611111111111098 -3.944444444444436 -5.277777777777769
-0.277777777777786 6.722222222222221 5.388888888888887 4.055555555555552 2.722222222222217 1.388888888888881 48.05555555555556 -1.277777777777781 -2.611111111111109 -3.944444444444434 -5.277777777777765 -6.611111111111097
-1.611111111111111 5.388888888888895 4.055555555555561 2.722222222222225 1.38888888888889 0.05555555555555874 -1.277777777777772 53.38888888888889 -3.944444444444446 -5.277777777777772 -6.611111111111107 -7.944444444444438
-2.944444444444442 4.055555555555556 2.722222222222221 1.388888888888889 0.0555555555555543 -1.277777777777776 -2.611111111111109 -3.944444444444451 58.72222222222223 -6.611111111111107 -7.944444444444446 -9.277777777777779
-4.277777777777776 2.72222222222222 1.388888888888887 0.05555555555555371 -1.277777777777779 -2.611111111111109 -3.944444444444439 -5.277777777777781 -6.611111111111111 64.05555555555554 -9.277777777777777 -10.61111111111111
-5.611111111111111 1.388888888888887 0.05555555555555282 -1.277777777777779 -2.611111111111112 -3.944444444444446 -5.277777777777773 -6.611111111111114 -7.944444444444448 -9.277777777777777 69.38888888888889 -11.94444444444445
-6.944444444444445 0.05555555555555163 -1.277777777777782 -2.611111111111114 -3.944444444444446 -5.27777777777778 -6.611111111111108 -7.944444444444449 -9.277777777777782 -10.61111111111111 -11.94444444444445 74.72222222222223
