34.80555555555556 9.305555555555557 7.972222222222226 6.638888888888888 5.305555555555555 3.972222222222221 2.638888888888887 1.305555555555555 -0.02777777777777015 -1.361111111111099 -2.694444444444435 -4.027777777777766
9.305555555555552 20.80555555555556 11.47222222222222 10.13888888888889 8.805555555555555 7.47222222222222 6.138888888888885 4.805555555555555 3.472222222222229 2.138888888888903 0.8055555555555674 -0.527777777777768
7.972222222222225 11.47222222222223 26.1388888888889 8.805555555555557 7.472222222222224 6.138888888888888 4.805555555555555 3.472222222222221 2.138888888888895 0.8055555555555702 -0.5277777777777695 -1.861111111111106
6.63888888888889 10.1388888888889 8.805555555555559 31.47222222222222 6.138888888888891 4.805555555555556 3.472222222222221 2.13888888888889 0.8055555555555626 -0.5277777777777616 -1.861111111111099 -3.194444444444434
5.305555555555557 8.805555555555561 7.472222222222227 6.13888888888889 36.80555555555556 3.472222222222221 2.138888888888887 0.8055555555555526 -0.527777777777774 -1.861111111111099 -3.194444444444433 -4.527777777777768
3.972222222222223 7.472222222222226 6.13888888888889 4.805555555555556 3.472222222222221 42.13888888888889 0.8055555555555501 -0.5277777777777785 -1.861111111111104 -3.194444444444432 -4.52777777777777 -5.861111111111103
2.638888888888884 6.138888888888888 4.805555555555553 3.472222222222218 2.138888888888883 0.805555555555547 47.47222222222223 -1.861111111111114 -3.194444444444442 -4.527777777777765 -5.861111111111098 -7.19444444444443
1.305555555555557 4.805555555555561 3.472222222222226 2.138888888888892 0.8055555555555556 -0.5277777777777752 -1.861111111111106 52.80555555555556 -4.52777777777778 -5.861111111111105 -7.194444444444441 -8.527777777777772
-0.02777777777777608 3.472222222222222 2.138888888888889 0.8055555555555556 -0.5277777777777788 -1.861111111111109 -3.194444444444442 -4.527777777777784 58.13888888888889 -7.194444444444441 -8.52777777777778 -9.861111111111113
-1.361111111111111 2.138888888888888 0.8055555555555546 -0.5277777777777785 -1.861111111111111 -3.194444444444442 -4.527777777777772 -5.861111111111114 -7.194444444444445 63.47222222222221 -9.861111111111109 -11.19444444444444
-2.694444444444446 0.8055555555555544 -0.5277777777777811 -1.861111111111114 -3.194444444444446 -4.52777777777778 -5.861111111111107 -7.194444444444448 -8.52777777777778 -9.861111111111109 68.80555555555556 -12.52777777777778
-4.02777777777778 -0.5277777777777806 -1.861111111111116 -3.194444444444446 -4.52777777777778 -5.861111111111113 -7.194444444444441 -8.527777777777782 -9.861111111111116 -11.19444444444445 -12.52777777777778 74.13888888888889
