70.91666666666667 2.083333333333334 0.7500000000000011 -0.5833333333333362 -1.91666666666667 -3.250000000000005 -4.583333333333338 -5.916666666666671 -7.249999999999996 -8.583333333333323 -9.916666666666659 -11.24999999999999
2.083333333333319 22.25 12.91666666666667 11.58333333333333 10.25 8.916666666666666 7.583333333333332 6.250000000000002 4.916666666666677 3.58333333333335 2.250000000000014 0.9166666666666784
0.7500000000000002 12.91666666666667 27.58333333333334 10.25 8.916666666666671 7.583333333333334 6.249999999999999 4.916666666666667 3.583333333333341 2.250000000000016 0.9166666666666767 -0.4166666666666596
-0.5833333333333418 11.58333333333334 10.25000000000001 32.91666666666667 7.583333333333338 6.250000000000004 4.916666666666669 3.583333333333336 2.25000000000001 0.9166666666666853 -0.4166666666666526 -1.749999999999987
-1.916666666666671 10.25000000000001 8.916666666666673 7.583333333333338 38.25 4.916666666666666 3.583333333333332 2.249999999999999 0.9166666666666722 -0.4166666666666526 -1.749999999999987 -3.083333333333323
-3.250000000000006 8.916666666666671 7.583333333333337 6.250000000000001 4.916666666666666 43.58333333333334 2.249999999999996 0.9166666666666662 -0.4166666666666589 -1.749999999999987 -3.083333333333326 -4.416666666666658
-4.583333333333346 7.583333333333334 6.249999999999998 4.916666666666663 3.583333333333329 2.249999999999993 48.91666666666667 -0.4166666666666682 -1.749999999999998 -3.083333333333322 -4.416666666666653 -5.749999999999985
-5.91666666666667 6.250000000000006 4.916666666666671 3.583333333333337 2.250000000000001 0.9166666666666699 -0.4166666666666609 54.25000000000001 -3.083333333333334 -4.416666666666661 -5.749999999999996 -7.083333333333328
-7.249999999999998 4.916666666666667 3.583333333333333 2.25 0.9166666666666645 -0.4166666666666654 -1.749999999999998 -3.083333333333341 59.58333333333334 -5.749999999999996 -7.083333333333336 -8.416666666666668
-8.583333333333329 3.58333333333333 2.249999999999999 0.9166666666666653 -0.4166666666666686 -1.749999999999998 -3.083333333333329 -4.416666666666669 -5.75 64.91666666666666 -8.416666666666666 -9.75
-9.916666666666664 2.249999999999997 0.9166666666666633 -0.4166666666666686 -1.750000000000001 -3.083333333333335 -4.416666666666663 -5.750000000000004 -7.083333333333338 -8.416666666666666 70.25 -11.08333333333333
-11.25 0.9166666666666623 -0.4166666666666716 -1.750000000000004 -3.083333333333336 -4.416666666666669 -5.749999999999996 -7.083333333333338 -8.416666666666673 -9.750000000000002 -11.08333333333333 75.58333333333333
