32.72222222222223 9.722222222222223 8.388888888888891 7.055555555555555 5.722222222222221 4.388888888888888 3.055555555555554 1.722222222222222 0.3888888888888968 -0.9444444444444318 -2.277777777777768 -3.6111111111111
9.72222222222222 20.72222222222222 11.38888888888889 10.05555555555555 8.722222222222221 7.388888888888886 6.055555555555552 4.722222222222221 3.388888888888896 2.05555555555557 0.7222222222222352 -0.6111111111111002
8.388888888888893 11.3888888888889 26.05555555555556 8.722222222222225 7.388888888888891 6.055555555555555 4.722222222222221 3.388888888888888 2.055555555555562 0.7222222222222372 -0.6111111111111016 -1.944444444444438
7.055555555555557 10.05555555555556 8.722222222222227 31.38888888888889 6.055555555555558 4.722222222222223 3.388888888888888 2.055555555555557 0.7222222222222295 -0.6111111111110955 -1.944444444444433 -3.277777777777768
5.722222222222223 8.722222222222227 7.388888888888894 6.055555555555557 36.72222222222222 3.388888888888888 2.055555555555554 0.7222222222222196 -0.6111111111111071 -1.944444444444432 -3.277777777777766 -4.611111111111101
4.38888888888889 7.388888888888893 6.055555555555557 4.722222222222223 3.388888888888888 42.05555555555556 0.7222222222222162 -0.6111111111111124 -1.944444444444436 -3.277777777777766 -4.611111111111104 -5.944444444444437
3.055555555555551 6.055555555555555 4.722222222222219 3.388888888888884 2.05555555555555 0.7222222222222131 47.38888888888889 -1.944444444444448 -3.277777777777776 -4.611111111111099 -5.944444444444432 -7.277777777777764
1.722222222222225 4.722222222222227 3.388888888888892 2.055555555555558 0.7222222222222217 -0.6111111111111092 -1.94444444444444 52.72222222222223 -4.611111111111114 -5.944444444444439 -7.277777777777775 -8.611111111111105
0.3888888888888909 3.388888888888889 2.055555555555556 0.7222222222222225 -0.6111111111111127 -1.944444444444443 -3.277777777777776 -4.611111111111118 58.05555555555556 -7.277777777777775 -8.611111111111114 -9.944444444444446
-0.9444444444444454 2.055555555555555 0.7222222222222207 -0.6111111111111115 -1.944444444444444 -3.277777777777776 -4.611111111111106 -5.944444444444448 -7.277777777777777 63.38888888888887 -9.944444444444443 -11.27777777777778
-2.277777777777778 0.7222222222222204 -0.6111111111111133 -1.944444444444447 -3.277777777777779 -4.611111111111113 -5.944444444444439 -7.27777777777778 -8.611111111111114 -9.944444444444443 68.72222222222221 -12.61111111111111
-3.611111111111113 -0.6111111111111145 -1.944444444444448 -3.27777777777778 -4.611111111111113 -5.944444444444446 -7.277777777777774 -8.611111111111116 -9.944444444444448 -11.27777777777778 -12.61111111111111 74.05555555555556
