33.41666666666667 9.583333333333336 8.250000000000002 6.916666666666666 5.583333333333332 4.249999999999998 2.916666666666664 1.583333333333332 0.2500000000000076 -1.083333333333321 -2.416666666666657 -3.749999999999989
9.58333333333333 20.75 11.41666666666667 10.08333333333333 8.749999999999998 7.416666666666663 6.08333333333333 4.749999999999999 3.416666666666674 2.083333333333348 0.750000000000012 -0.5833333333333234
8.250000000000004 11.41666666666667 26.08333333333334 8.750000000000002 7.416666666666669 6.083333333333333 4.749999999999999 3.416666666666666 2.083333333333339 0.7500000000000149 -0.5833333333333248 -1.916666666666661
6.916666666666668 10.08333333333334 8.750000000000004 31.41666666666666 6.083333333333336 4.750000000000001 3.416666666666666 2.083333333333334 0.7500000000000072 -0.5833333333333178 -1.916666666666656 -3.249999999999989
5.583333333333334 8.750000000000005 7.416666666666671 6.083333333333335 36.75 3.416666666666665 2.083333333333331 0.7499999999999972 -0.5833333333333294 -1.916666666666655 -3.249999999999988 -4.583333333333323
4.250000000000001 7.416666666666671 6.083333333333335 4.750000000000001 3.416666666666666 42.08333333333334 0.7499999999999948 -0.5833333333333338 -1.916666666666659 -3.249999999999988 -4.583333333333326 -5.916666666666659
2.916666666666662 6.083333333333332 4.749999999999997 3.416666666666663 2.083333333333327 0.7499999999999917 47.41666666666667 -1.916666666666671 -3.249999999999998 -4.583333333333322 -5.916666666666654 -7.249999999999987
1.583333333333336 4.750000000000004 3.416666666666671 2.083333333333336 0.7499999999999993 -0.5833333333333306 -1.916666666666663 52.75 -4.583333333333336 -5.916666666666663 -7.249999999999996 -8.583333333333329
0.2500000000000016 3.416666666666667 2.083333333333334 0.7500000000000002 -0.5833333333333342 -1.916666666666664 -3.249999999999998 -4.583333333333339 58.08333333333334 -7.249999999999996 -8.583333333333336 -9.916666666666668
-1.083333333333334 2.083333333333333 0.7499999999999983 -0.5833333333333338 -1.916666666666666 -3.249999999999998 -4.583333333333328 -5.91666666666667 -7.25 63.41666666666665 -9.916666666666664 -11.25
-2.416666666666667 0.7499999999999972 -0.5833333333333365 -1.916666666666669 -3.250000000000001 -4.583333333333335 -5.916666666666663 -7.250000000000004 -8.583333333333336 -9.916666666666664 68.75 -12.58333333333333
-3.750000000000002 -0.5833333333333377 -1.916666666666672 -3.250000000000002 -4.583333333333336 -5.916666666666669 -7.249999999999996 -8.583333333333338 -9.916666666666671 -11.25 -12.58333333333333 74.08333333333333
