56.33333333333333 5.000000000000002 3.66666666666667 2.333333333333333 0.9999999999999993 -0.3333333333333344 -1.66666666666667 -3.000000000000002 -4.333333333333326 -5.666666666666655 -6.99999999999999 -8.333333333333322
4.99999999999999 21.66666666666667 12.33333333333334 11 9.666666666666668 8.33333333333333 6.999999999999998 5.666666666666667 4.333333333333342 3.000000000000016 1.66666666666668 0.3333333333333445
3.666666666666668 12.33333333333334 27.00000000000001 9.66666666666667 8.333333333333338 7 5.666666666666666 4.333333333333333 3.000000000000007 1.666666666666682 0.3333333333333431 -0.9999999999999936
2.333333333333327 11.00000000000001 9.666666666666673 32.33333333333334 7.000000000000004 5.66666666666667 4.333333333333335 3.000000000000003 1.666666666666676 0.3333333333333509 -0.9999999999999866 -2.333333333333321
0.999999999999999 9.666666666666673 8.333333333333339 7.000000000000004 37.66666666666667 4.333333333333332 2.999999999999998 1.666666666666665 0.3333333333333385 -0.9999999999999866 -2.333333333333321 -3.666666666666657
-0.3333333333333338 8.333333333333338 7.000000000000003 5.666666666666668 4.333333333333332 43.00000000000001 1.666666666666663 0.3333333333333323 -0.9999999999999919 -2.33333333333332 -3.666666666666659 -4.999999999999991
-1.666666666666674 6.999999999999999 5.666666666666664 4.33333333333333 2.999999999999995 1.66666666666666 48.33333333333334 -1.000000000000002 -2.33333333333333 -3.666666666666655 -4.999999999999987 -6.333333333333319
-2.999999999999999 5.666666666666672 4.333333333333338 3.000000000000003 1.666666666666667 0.3333333333333373 -0.9999999999999949 53.66666666666667 -3.666666666666667 -4.999999999999995 -6.333333333333329 -7.666666666666661
-4.33333333333333 4.333333333333334 2.999999999999999 1.666666666666667 0.333333333333332 -0.9999999999999985 -2.33333333333333 -3.666666666666673 59 -6.33333333333333 -7.66666666666667 -9.000000000000002
-5.666666666666666 2.999999999999999 1.666666666666665 0.3333333333333323 -1.000000000000002 -2.333333333333332 -3.666666666666662 -5.000000000000003 -6.333333333333334 64.33333333333333 -8.999999999999998 -10.33333333333333
-7 1.666666666666665 0.3333333333333296 -1.000000000000002 -2.333333333333334 -3.666666666666668 -4.999999999999996 -6.333333333333338 -7.66666666666667 -8.999999999999998 69.66666666666666 -11.66666666666667
-8.333333333333336 0.3333333333333302 -1.000000000000006 -2.333333333333336 -3.66666666666667 -5.000000000000002 -6.33333333333333 -7.666666666666671 -9.000000000000005 -10.33333333333333 -11.66666666666667 75
