50.77777777777778 6.111111111111113 4.77777777777778 3.444444444444443 2.111111111111111 0.7777777777777761 -0.5555555555555576 -1.888888888888891 -3.222222222222214 -4.555555555555544 -5.88888888888888 -7.222222222222211
6.111111111111103 21.44444444444445 12.11111111111111 10.77777777777778 9.444444444444445 8.111111111111109 6.777777777777776 5.444444444444445 4.11111111111112 2.777777777777792 1.444444444444457 0.1111111111111213
4.777777777777781 12.11111111111112 26.77777777777779 9.444444444444446 8.111111111111114 6.777777777777777 5.444444444444444 4.111111111111111 2.777777777777784 1.44444444444446 0.1111111111111199 -1.222222222222217
3.444444444444439 10.77777777777779 9.44444444444445 32.11111111111111 6.777777777777781 5.444444444444446 4.111111111111112 2.77777777777778 1.444444444444453 0.1111111111111286 -1.222222222222209 -2.555555555555543
2.111111111111109 9.44444444444445 8.111111111111116 6.777777777777781 37.44444444444445 4.11111111111111 2.777777777777776 1.444444444444443 0.1111111111111162 -1.222222222222209 -2.555555555555543 -3.888888888888878
0.7777777777777751 8.111111111111114 6.77777777777778 5.444444444444446 4.11111111111111 42.77777777777779 1.44444444444444 0.1111111111111108 -1.222222222222214 -2.555555555555543 -3.888888888888881 -5.222222222222213
-0.5555555555555646 6.777777777777777 5.444444444444442 4.111111111111107 2.777777777777772 1.444444444444436 48.11111111111111 -1.222222222222223 -2.555555555555553 -3.888888888888876 -5.222222222222209 -6.555555555555541
-1.888888888888888 5.44444444444445 4.111111111111116 2.777777777777781 1.444444444444445 0.1111111111111141 -1.222222222222216 53.44444444444445 -3.888888888888891 -5.222222222222216 -6.555555555555552 -7.888888888888883
-3.222222222222219 4.111111111111112 2.777777777777777 1.444444444444444 0.1111111111111097 -1.222222222222221 -2.555555555555553 -3.888888888888896 58.77777777777778 -6.555555555555552 -7.888888888888891 -9.222222222222223
-4.555555555555553 2.777777777777776 1.444444444444443 0.11111111111111 -1.222222222222223 -2.555555555555553 -3.888888888888884 -5.222222222222226 -6.555555555555555 64.1111111111111 -9.222222222222221 -10.55555555555556
-5.888888888888888 1.444444444444442 0.1111111111111082 -1.222222222222224 -2.555555555555557 -3.888888888888891 -5.222222222222218 -6.555555555555559 -7.888888888888893 -9.222222222222221 69.44444444444444 -11.88888888888889
-7.222222222222221 0.111111111111107 -1.222222222222227 -2.555555555555559 -3.888888888888891 -5.222222222222224 -6.555555555555553 -7.888888888888894 -9.222222222222227 -10.55555555555556 -11.88888888888889 74.77777777777777
