48 6.666666666666669 5.333333333333334 3.999999999999996 2.666666666666665 1.33333333333333 -2.245117672019761e-15 -1.333333333333337 -2.666666666666661 -3.99999999999999 -5.333333333333325 -6.666666666666657
6.666666666666661 21.33333333333333 12 10.66666666666666 9.333333333333334 7.999999999999997 6.666666666666664 5.333333333333333 4.000000000000008 2.666666666666682 1.333333333333346 1.055945454532371e-14
5.333333333333337 12.00000000000001 26.66666666666668 9.333333333333336 8.000000000000004 6.666666666666666 5.333333333333332 4 2.666666666666672 1.333333333333348 9.153172047465179e-15 -1.333333333333328
3.999999999999996 10.66666666666667 9.333333333333339 32 6.66666666666667 5.333333333333335 4 2.666666666666668 1.333333333333341 1.699874808814962e-14 -1.33333333333332 -2.666666666666655
2.666666666666666 9.333333333333339 8.000000000000005 6.66666666666667 37.33333333333334 3.999999999999999 2.666666666666665 1.333333333333331 4.564250212347866e-15 -1.33333333333332 -2.666666666666655 -3.999999999999991
1.333333333333332 8.000000000000004 6.66666666666667 5.333333333333335 3.999999999999999 42.66666666666667 1.333333333333329 1.233581138472396e-16 -1.333333333333326 -2.666666666666654 -3.999999999999993 -5.333333333333325
-7.426158453603825e-15 6.666666666666666 5.333333333333331 3.999999999999996 2.66666666666666 1.333333333333326 48 -1.333333333333336 -2.666666666666664 -3.999999999999989 -5.333333333333321 -6.666666666666653
-1.333333333333333 5.333333333333338 4.000000000000005 2.666666666666669 1.333333333333333 3.380012319414365e-15 -1.333333333333329 53.33333333333334 -4.000000000000002 -5.333333333333329 -6.666666666666663 -7.999999999999995
-2.666666666666662 4.000000000000001 2.666666666666667 1.333333333333333 -1.060879779086261e-15 -1.333333333333332 -2.666666666666664 -4.000000000000007 58.66666666666667 -6.666666666666663 -8.000000000000002 -9.333333333333334
-3.999999999999998 2.666666666666666 1.333333333333332 -7.648203058528857e-16 -1.333333333333334 -2.666666666666665 -3.999999999999994 -5.333333333333337 -6.666666666666666 63.99999999999999 -9.333333333333332 -10.66666666666667
-5.333333333333332 1.333333333333331 -2.541177145253136e-15 -1.333333333333336 -2.666666666666668 -4.000000000000002 -5.333333333333329 -6.66666666666667 -8.000000000000004 -9.333333333333332 69.33333333333333 -12
-6.666666666666667 -3.725415038186637e-15 -1.333333333333338 -2.66666666666667 -4.000000000000004 -5.333333333333336 -6.666666666666663 -8.000000000000005 -9.333333333333338 -10.66666666666667 -12 74.66666666666667
