52.86111111111111 5.694444444444446 4.361111111111113 3.027777777777775 1.694444444444442 0.3611111111111085 -0.9722222222222237 -2.305555555555557 -3.638888888888883 -4.97222222222221 -6.305555555555546 -7.638888888888878
5.694444444444435 21.52777777777778 12.19444444444445 10.86111111111111 9.527777777777779 8.194444444444441 6.861111111111109 5.527777777777779 4.194444444444454 2.861111111111126 1.527777777777791 0.1944444444444552
4.361111111111115 12.19444444444445 26.86111111111112 9.52777777777778 8.194444444444448 6.861111111111111 5.527777777777777 4.194444444444445 2.861111111111117 1.527777777777793 0.1944444444444538 -1.138888888888883
3.027777777777772 10.86111111111112 9.527777777777784 32.19444444444444 6.861111111111115 5.52777777777778 4.194444444444446 2.861111111111113 1.527777777777787 0.1944444444444616 -1.138888888888876 -2.47222222222221
1.694444444444444 9.527777777777784 8.19444444444445 6.861111111111114 37.52777777777778 4.194444444444444 2.86111111111111 1.527777777777776 0.1944444444444492 -1.138888888888876 -2.47222222222221 -3.805555555555546
0.3611111111111091 8.194444444444448 6.861111111111114 5.52777777777778 4.194444444444444 42.86111111111111 1.527777777777774 0.1944444444444448 -1.138888888888881 -2.472222222222209 -3.805555555555548 -5.13888888888888
-0.9722222222222307 6.861111111111111 5.527777777777776 4.19444444444444 2.861111111111105 1.52777777777777 48.19444444444445 -1.138888888888891 -2.472222222222219 -3.805555555555544 -5.138888888888876 -6.472222222222208
-2.305555555555554 5.527777777777783 4.194444444444449 2.861111111111114 1.527777777777778 0.194444444444448 -1.138888888888884 53.52777777777778 -3.805555555555557 -5.138888888888884 -6.472222222222218 -7.80555555555555
-3.638888888888885 4.194444444444445 2.86111111111111 1.527777777777778 0.1944444444444427 -1.138888888888888 -2.472222222222219 -3.805555555555562 58.86111111111111 -6.47222222222222 -7.805555555555559 -9.138888888888891
-4.972222222222219 2.861111111111109 1.527777777777776 0.194444444444443 -1.13888888888889 -2.47222222222222 -3.805555555555551 -5.138888888888892 -6.472222222222223 64.19444444444443 -9.138888888888888 -10.47222222222222
-6.305555555555555 1.527777777777776 0.1944444444444421 -1.138888888888891 -2.472222222222224 -3.805555555555558 -5.138888888888885 -6.472222222222227 -7.805555555555559 -9.138888888888888 69.52777777777777 -11.80555555555556
-7.638888888888889 0.1944444444444409 -1.138888888888895 -2.472222222222225 -3.805555555555559 -5.138888888888891 -6.47222222222222 -7.805555555555561 -9.138888888888895 -10.47222222222222 -11.80555555555556 74.86111111111111
