41.05555555555556 8.055555555555557 6.722222222222226 5.388888888888887 4.055555555555555 2.722222222222221 1.388888888888887 0.05555555555555489 -1.27777777777777 -2.611111111111099 -3.944444444444435 -5.277777777777767
8.05555555555555 21.05555555555556 11.72222222222222 10.38888888888889 9.055555555555555 7.72222222222222 6.388888888888886 5.055555555555555 3.72222222222223 2.388888888888904 1.055555555555569 -0.2777777777777662
6.722222222222225 11.72222222222223 26.3888888888889 9.055555555555557 7.722222222222225 6.388888888888889 5.055555555555555 3.722222222222222 2.388888888888895 1.05555555555557 -0.2777777777777694 -1.611111111111106
5.388888888888888 10.3888888888889 9.055555555555561 31.72222222222222 6.388888888888892 5.055555555555557 3.722222222222222 2.38888888888889 1.055555555555564 -0.2777777777777616 -1.611111111111099 -2.944444444444434
4.055555555555555 9.055555555555561 7.722222222222228 6.388888888888891 37.05555555555556 3.722222222222221 2.388888888888887 1.055555555555554 -0.2777777777777731 -1.611111111111099 -2.944444444444433 -4.277777777777768
2.722222222222222 7.722222222222226 6.38888888888889 5.055555555555557 3.722222222222221 42.38888888888889 1.05555555555555 -0.2777777777777785 -1.611111111111102 -2.944444444444432 -4.27777777777777 -5.611111111111103
1.388888888888883 6.388888888888888 5.055555555555553 3.722222222222218 2.388888888888883 1.055555555555547 47.72222222222223 -1.611111111111114 -2.944444444444442 -4.277777777777765 -5.611111111111098 -6.94444444444443
0.05555555555555874 5.055555555555561 3.722222222222226 2.388888888888892 1.055555555555556 -0.2777777777777752 -1.611111111111106 53.05555555555556 -4.27777777777778 -5.611111111111105 -6.944444444444441 -8.277777777777772
-1.277777777777775 3.722222222222223 2.388888888888889 1.055555555555556 -0.2777777777777787 -1.611111111111109 -2.944444444444442 -4.277777777777784 58.38888888888889 -6.944444444444441 -8.27777777777778 -9.611111111111113
-2.611111111111109 2.388888888888888 1.055555555555555 -0.2777777777777785 -1.611111111111111 -2.944444444444442 -4.277777777777772 -5.611111111111114 -6.944444444444445 63.72222222222221 -9.611111111111109 -10.94444444444444
-3.944444444444446 1.055555555555555 -0.2777777777777811 -1.611111111111114 -2.944444444444446 -4.27777777777778 -5.611111111111107 -6.944444444444448 -8.27777777777778 -9.611111111111109 69.05555555555556 -12.27777777777778
-5.27777777777778 -0.2777777777777805 -1.611111111111116 -2.944444444444446 -4.27777777777778 -5.611111111111113 -6.944444444444441 -8.277777777777782 -9.611111111111116 -10.94444444444445 -12.27777777777778 74.38888888888889
