20.91666666666667 12.08333333333334 10.75 9.416666666666664 8.08333333333333 6.749999999999998 5.416666666666663 4.083333333333332 2.750000000000008 1.416666666666679 0.08333333333334278 -1.249999999999989
12.08333333333333 20.25 10.91666666666667 9.58333333333333 8.249999999999998 6.916666666666663 5.583333333333329 4.249999999999998 2.916666666666674 1.583333333333348 0.250000000000012 -1.083333333333323
10.75000000000001 10.91666666666667 25.58333333333334 8.25 6.916666666666669 5.583333333333333 4.249999999999998 2.916666666666666 1.58333333333334 0.2500000000000145 -1.083333333333325 -2.416666666666662
9.416666666666671 9.583333333333339 8.250000000000004 30.91666666666666 5.583333333333335 4.25 2.916666666666665 1.583333333333333 0.2500000000000063 -1.083333333333319 -2.416666666666657 -3.749999999999991
8.083333333333338 8.250000000000005 6.916666666666671 5.583333333333335 36.25000000000001 2.916666666666664 1.583333333333331 0.2499999999999975 -1.083333333333329 -2.416666666666655 -3.749999999999989 -5.083333333333324
6.750000000000004 6.91666666666667 5.583333333333335 4.25 2.916666666666665 41.58333333333334 0.2499999999999948 -1.083333333333336 -2.416666666666659 -3.749999999999989 -5.083333333333326 -6.416666666666659
5.416666666666665 5.583333333333331 4.249999999999996 2.916666666666662 1.583333333333328 0.2499999999999908 46.91666666666667 -2.416666666666671 -3.749999999999998 -5.083333333333322 -6.416666666666655 -7.749999999999987
4.083333333333338 4.250000000000005 2.91666666666667 1.583333333333335 0.2499999999999998 -1.083333333333332 -2.416666666666663 52.25 -5.083333333333336 -6.416666666666663 -7.749999999999996 -9.083333333333329
2.75 2.916666666666667 1.583333333333334 0.2500000000000007 -1.083333333333334 -2.416666666666664 -3.749999999999998 -5.083333333333339 57.58333333333334 -7.749999999999996 -9.083333333333336 -10.41666666666667
1.416666666666665 1.583333333333332 0.2499999999999983 -1.083333333333334 -2.416666666666667 -3.749999999999998 -5.083333333333328 -6.41666666666667 -7.75 62.91666666666665 -10.41666666666666 -11.75
0.08333333333333139 0.2499999999999975 -1.083333333333336 -2.416666666666668 -3.750000000000001 -5.083333333333335 -6.416666666666663 -7.750000000000004 -9.083333333333338 -10.41666666666666 68.25 -13.08333333333333
-1.250000000000004 -1.083333333333338 -2.416666666666671 -3.750000000000002 -5.083333333333336 -6.416666666666669 -7.749999999999996 -9.083333333333338 -10.41666666666667 -11.75 -13.08333333333333 73.58333333333333
