70.22222222222221 2.222222222222225 0.8888888888888922 -0.4444444444444451 -1.777777777777779 -3.111111111111114 -4.444444444444447 -5.77777777777778 -7.111111111111105 -8.444444444444432 -9.777777777777768 -11.1111111111111
2.222222222222209 22.22222222222223 12.8888888888889 11.55555555555556 10.22222222222222 8.888888888888888 7.555555555555555 6.222222222222224 4.888888888888899 3.555555555555573 2.222222222222237 0.8888888888889016
0.8888888888888913 12.8888888888889 27.55555555555556 10.22222222222223 8.888888888888893 7.555555555555555 6.222222222222221 4.888888888888889 3.555555555555563 2.222222222222238 0.8888888888888982 -0.4444444444444382
-0.4444444444444543 11.55555555555556 10.22222222222223 32.88888888888889 7.555555555555561 6.222222222222226 4.888888888888891 3.555555555555559 2.222222222222233 0.8888888888889076 -0.4444444444444294 -1.777777777777764
-1.777777777777783 10.22222222222223 8.888888888888895 7.55555555555556 38.22222222222223 4.888888888888888 3.555555555555555 2.222222222222221 0.8888888888888945 -0.4444444444444303 -1.777777777777765 -3.1111111111111
-3.111111111111118 8.888888888888893 7.555555555555559 6.222222222222223 4.888888888888888 43.55555555555556 2.222222222222218 0.8888888888888885 -0.4444444444444365 -1.777777777777765 -3.111111111111103 -4.444444444444436
-4.444444444444458 7.555555555555556 6.222222222222221 4.888888888888886 3.555555555555551 2.222222222222215 48.88888888888889 -0.4444444444444468 -1.777777777777774 -3.1111111111111 -4.44444444444443 -5.777777777777763
-5.777777777777779 6.222222222222228 4.888888888888893 3.555555555555559 2.222222222222223 0.8888888888888922 -0.4444444444444395 54.22222222222223 -3.111111111111111 -4.444444444444439 -5.777777777777773 -7.111111111111105
-7.111111111111109 4.888888888888889 3.555555555555555 2.222222222222223 0.8888888888888868 -0.444444444444443 -1.777777777777775 -3.111111111111117 59.55555555555556 -5.777777777777775 -7.111111111111114 -8.444444444444446
-8.444444444444439 3.555555555555552 2.22222222222222 0.8888888888888867 -0.4444444444444463 -1.777777777777777 -3.111111111111108 -4.444444444444447 -5.777777777777779 64.88888888888887 -8.444444444444445 -9.777777777777779
-9.777777777777775 2.222222222222221 0.8888888888888865 -0.4444444444444454 -1.777777777777779 -3.111111111111113 -4.44444444444444 -5.777777777777782 -7.111111111111114 -8.444444444444443 70.22222222222221 -11.11111111111111
-11.11111111111111 0.8888888888888855 -0.4444444444444484 -1.777777777777781 -3.111111111111113 -4.444444444444446 -5.777777777777774 -7.111111111111116 -8.44444444444445 -9.777777777777779 -11.11111111111111 75.55555555555556
