35.5 9.166666666666668 7.833333333333337 6.499999999999999 5.166666666666665 3.833333333333331 2.499999999999998 1.166666666666665 -0.1666666666666594 -1.499999999999988 -2.833333333333324 -4.166666666666655
9.166666666666663 20.83333333333333 11.5 10.16666666666666 8.833333333333332 7.499999999999997 6.166666666666663 4.833333333333332 3.500000000000007 2.166666666666681 0.8333333333333459 -0.4999999999999895
7.833333333333337 11.50000000000001 26.16666666666668 8.833333333333336 7.500000000000003 6.166666666666667 4.833333333333332 3.5 2.166666666666672 0.8333333333333479 -0.4999999999999908 -1.833333333333328
6.500000000000001 10.16666666666667 8.833333333333338 31.5 6.166666666666669 4.833333333333334 3.5 2.166666666666668 0.8333333333333403 -0.4999999999999839 -1.833333333333322 -3.166666666666655
5.166666666666668 8.833333333333339 7.500000000000005 6.166666666666669 36.83333333333334 3.499999999999998 2.166666666666664 0.8333333333333312 -0.4999999999999955 -1.833333333333321 -3.166666666666655 -4.49999999999999
3.833333333333335 7.500000000000004 6.166666666666668 4.833333333333334 3.499999999999999 42.16666666666667 0.8333333333333287 -0.5000000000000017 -1.833333333333325 -3.166666666666654 -4.499999999999992 -5.833333333333325
2.499999999999995 6.166666666666665 4.83333333333333 3.499999999999996 2.16666666666666 0.8333333333333256 47.5 -1.833333333333337 -3.166666666666664 -4.499999999999989 -5.83333333333332 -7.166666666666653
1.166666666666669 4.833333333333338 3.500000000000004 2.166666666666669 0.8333333333333333 -0.4999999999999984 -1.833333333333329 52.83333333333334 -4.500000000000002 -5.833333333333329 -7.166666666666663 -8.499999999999995
-0.1666666666666645 3.500000000000001 2.166666666666667 0.8333333333333333 -0.5000000000000011 -1.83333333333333 -3.166666666666664 -4.500000000000007 58.16666666666667 -7.166666666666663 -8.500000000000002 -9.833333333333334
-1.500000000000001 2.166666666666666 0.8333333333333314 -0.5000000000000008 -1.833333333333333 -3.166666666666665 -4.499999999999996 -5.833333333333338 -7.166666666666666 63.49999999999999 -9.833333333333332 -11.16666666666667
-2.833333333333335 0.8333333333333312 -0.5000000000000026 -1.833333333333335 -3.166666666666668 -4.500000000000001 -5.833333333333329 -7.16666666666667 -8.500000000000004 -9.833333333333332 68.83333333333333 -12.5
-4.16666666666667 -0.5000000000000038 -1.833333333333338 -3.16666666666667 -4.500000000000002 -5.833333333333335 -7.166666666666663 -8.500000000000005 -9.833333333333338 -11.16666666666667 -12.5 74.16666666666667
