34.11111111111111 9.444444444444446 8.111111111111113 6.777777777777777 5.444444444444443 4.111111111111109 2.777777777777775 1.444444444444443 0.1111111111111182 -1.22222222222221 -2.555555555555547 -3.888888888888879
9.444444444444441 20.77777777777778 11.44444444444445 10.11111111111111 8.777777777777777 7.444444444444441 6.111111111111107 4.777777777777777 3.444444444444451 2.111111111111125 0.7777777777777906 -0.5555555555555448
8.111111111111114 11.44444444444445 26.11111111111112 8.77777777777778 7.444444444444446 6.111111111111111 4.777777777777777 3.444444444444444 2.111111111111117 0.7777777777777926 -0.5555555555555463 -1.888888888888883
6.77777777777778 10.11111111111112 8.777777777777782 31.44444444444444 6.111111111111113 4.777777777777779 3.444444444444444 2.111111111111112 0.7777777777777849 -0.5555555555555393 -1.888888888888877 -3.22222222222221
5.444444444444446 8.777777777777782 7.444444444444449 6.111111111111113 36.77777777777778 3.444444444444443 2.111111111111109 0.7777777777777749 -0.5555555555555517 -1.888888888888877 -3.22222222222221 -4.555555555555546
4.111111111111112 7.444444444444448 6.111111111111113 4.777777777777779 3.444444444444444 42.11111111111111 0.7777777777777734 -0.555555555555557 -1.888888888888881 -3.222222222222209 -4.555555555555547 -5.88888888888888
2.777777777777773 6.11111111111111 4.777777777777775 3.44444444444444 2.111111111111105 0.7777777777777702 47.44444444444445 -1.888888888888892 -3.222222222222219 -4.555555555555544 -5.888888888888875 -7.222222222222208
1.444444444444447 4.777777777777782 3.444444444444449 2.111111111111114 0.7777777777777779 -0.5555555555555538 -1.888888888888885 52.77777777777778 -4.555555555555557 -5.888888888888884 -7.222222222222218 -8.55555555555555
0.1111111111111123 3.444444444444445 2.111111111111111 0.7777777777777779 -0.5555555555555565 -1.888888888888886 -3.222222222222219 -4.555555555555563 58.11111111111111 -7.222222222222218 -8.555555555555557 -9.888888888888889
-1.222222222222223 2.11111111111111 0.7777777777777769 -0.5555555555555561 -1.888888888888889 -3.22222222222222 -4.555555555555551 -5.888888888888893 -7.222222222222221 63.44444444444443 -9.888888888888888 -11.22222222222222
-2.555555555555558 0.7777777777777758 -0.5555555555555579 -1.888888888888891 -3.222222222222224 -4.555555555555557 -5.888888888888884 -7.222222222222225 -8.555555555555559 -9.888888888888888 68.77777777777777 -12.55555555555556
-3.888888888888891 -0.5555555555555591 -1.888888888888893 -3.222222222222225 -4.555555555555557 -5.88888888888889 -7.222222222222219 -8.555555555555561 -9.888888888888893 -11.22222222222222 -12.55555555555556 74.11111111111111
