27.16666666666667 10.83333333333334 9.500000000000002 8.166666666666664 6.833333333333333 5.499999999999998 4.166666666666665 2.833333333333332 1.500000000000007 0.1666666666666789 -1.166666666666657 -2.499999999999989
10.83333333333333 20.5 11.16666666666667 9.83333333333333 8.499999999999998 7.166666666666663 5.833333333333329 4.499999999999999 3.166666666666674 1.833333333333348 0.500000000000012 -0.8333333333333234
9.500000000000005 11.16666666666667 25.83333333333334 8.500000000000002 7.166666666666669 5.833333333333333 4.499999999999998 3.166666666666666 1.83333333333334 0.5000000000000153 -0.8333333333333239 -2.16666666666666
8.16666666666667 9.833333333333339 8.500000000000004 31.16666666666666 5.833333333333336 4.500000000000001 3.166666666666666 1.833333333333334 0.5000000000000072 -0.8333333333333178 -2.166666666666656 -3.499999999999989
6.833333333333337 8.500000000000005 7.166666666666671 5.833333333333335 36.50000000000001 3.166666666666664 1.833333333333331 0.4999999999999972 -0.8333333333333294 -2.166666666666655 -3.499999999999989 -4.833333333333324
5.500000000000003 7.166666666666671 5.833333333333335 4.500000000000001 3.166666666666665 41.83333333333334 0.4999999999999948 -0.8333333333333356 -2.166666666666659 -3.499999999999989 -4.833333333333326 -6.166666666666659
4.166666666666663 5.833333333333332 4.499999999999996 3.166666666666662 1.833333333333328 0.4999999999999917 47.16666666666667 -2.166666666666671 -3.499999999999998 -4.833333333333322 -6.166666666666655 -7.499999999999987
2.833333333333337 4.500000000000005 3.16666666666667 1.833333333333335 0.4999999999999998 -0.8333333333333306 -2.166666666666661 52.5 -4.833333333333336 -6.166666666666663 -7.499999999999996 -8.833333333333329
1.500000000000001 3.166666666666667 1.833333333333334 0.5000000000000007 -0.8333333333333342 -2.166666666666664 -3.499999999999998 -4.833333333333339 57.83333333333334 -7.499999999999996 -8.833333333333336 -10.16666666666667
0.1666666666666653 1.833333333333332 0.4999999999999992 -0.8333333333333338 -2.166666666666667 -3.499999999999998 -4.833333333333328 -6.16666666666667 -7.5 63.16666666666665 -10.16666666666666 -11.5
-1.166666666666668 0.4999999999999972 -0.8333333333333356 -2.166666666666668 -3.500000000000001 -4.833333333333335 -6.166666666666663 -7.500000000000004 -8.833333333333338 -10.16666666666666 68.5 -12.83333333333333
-2.500000000000002 -0.8333333333333377 -2.16666666666667 -3.500000000000002 -4.833333333333336 -6.166666666666669 -7.499999999999996 -8.833333333333338 -10.16666666666667 -11.5 -12.83333333333333 73.83333333333333
