22.30555555555556 11.80555555555556 10.47222222222223 9.138888888888886 7.805555555555555 6.472222222222221 5.138888888888886 3.805555555555555 2.472222222222229 1.138888888888901 -0.1944444444444358 -1.527777777777768
11.80555555555555 20.30555555555555 10.97222222222222 9.638888888888886 8.305555555555554 6.972222222222219 5.638888888888884 4.305555555555554 2.972222222222229 1.638888888888903 0.3055555555555674 -1.027777777777768
10.47222222222223 10.97222222222223 25.6388888888889 8.305555555555557 6.972222222222224 5.638888888888888 4.305555555555554 2.972222222222221 1.638888888888895 0.3055555555555707 -1.027777777777769 -2.361111111111105
9.138888888888893 9.638888888888895 8.305555555555559 30.97222222222222 5.63888888888889 4.305555555555555 2.972222222222221 1.638888888888889 0.3055555555555617 -1.027777777777763 -2.361111111111101 -3.694444444444435
7.80555555555556 8.305555555555561 6.972222222222227 5.63888888888889 36.30555555555556 2.97222222222222 1.638888888888887 0.3055555555555528 -1.027777777777774 -2.3611111111111 -3.694444444444434 -5.027777777777769
6.472222222222224 6.972222222222226 5.63888888888889 4.305555555555556 2.97222222222222 41.63888888888889 0.3055555555555501 -1.02777777777778 -2.361111111111104 -3.694444444444434 -5.027777777777771 -6.361111111111104
5.138888888888887 5.638888888888887 4.305555555555552 2.972222222222217 1.638888888888883 0.3055555555555461 46.97222222222222 -2.361111111111116 -3.694444444444442 -5.027777777777767 -6.3611111111111 -7.694444444444431
3.80555555555556 4.305555555555562 2.972222222222226 1.638888888888891 0.3055555555555552 -1.027777777777775 -2.361111111111106 52.30555555555556 -5.02777777777778 -6.361111111111107 -7.694444444444441 -9.027777777777773
2.472222222222223 2.972222222222222 1.638888888888889 0.3055555555555561 -1.027777777777779 -2.361111111111109 -3.694444444444442 -5.027777777777784 57.63888888888889 -7.694444444444441 -9.02777777777778 -10.36111111111111
1.138888888888888 1.638888888888888 0.3055555555555537 -1.027777777777778 -2.361111111111111 -3.694444444444442 -5.027777777777772 -6.361111111111114 -7.694444444444445 62.97222222222221 -10.36111111111111 -11.69444444444444
-0.1944444444444472 0.3055555555555528 -1.02777777777778 -2.361111111111113 -3.694444444444446 -5.02777777777778 -6.361111111111107 -7.694444444444448 -9.027777777777782 -10.36111111111111 68.30555555555556 -13.02777777777778
-1.527777777777781 -1.027777777777782 -2.361111111111114 -3.694444444444446 -5.02777777777778 -6.361111111111113 -7.694444444444441 -9.027777777777782 -10.36111111111111 -11.69444444444445 -13.02777777777778 73.63888888888889
