46.61111111111111 6.944444444444448 5.611111111111114 4.277777777777777 2.944444444444445 1.61111111111111 0.2777777777777764 -1.055555555555556 -2.388888888888882 -3.72222222222221 -5.055555555555546 -6.388888888888878
6.944444444444438 21.27777777777778 11.94444444444445 10.61111111111111 9.277777777777779 7.944444444444442 6.611111111111109 5.277777777777778 3.944444444444452 2.611111111111126 1.277777777777791 -0.0555555555555448
5.611111111111115 11.94444444444445 26.61111111111112 9.27777777777778 7.944444444444447 6.611111111111111 5.277777777777777 3.944444444444444 2.611111111111117 1.277777777777793 -0.05555555555554621 -1.388888888888883
4.277777777777773 10.61111111111112 9.277777777777782 31.94444444444444 6.611111111111114 5.27777777777778 3.944444444444444 2.611111111111113 1.277777777777786 -0.05555555555553836 -1.388888888888876 -2.72222222222221
2.944444444444443 9.277777777777784 7.944444444444449 6.611111111111114 37.27777777777778 3.944444444444443 2.611111111111109 1.277777777777776 -0.05555555555555079 -1.388888888888876 -2.72222222222221 -4.055555555555546
1.611111111111109 7.944444444444448 6.611111111111113 5.27777777777778 3.944444444444444 42.61111111111111 1.277777777777774 -0.05555555555555523 -1.388888888888881 -2.722222222222209 -4.055555555555547 -5.38888888888888
0.2777777777777694 6.611111111111111 5.277777777777775 3.94444444444444 2.611111111111106 1.27777777777777 47.94444444444445 -1.388888888888892 -2.722222222222219 -4.055555555555544 -5.388888888888876 -6.722222222222208
-1.055555555555554 5.277777777777783 3.944444444444449 2.611111111111114 1.277777777777778 -0.05555555555555198 -1.388888888888885 53.27777777777778 -4.055555555555557 -5.388888888888884 -6.722222222222218 -8.05555555555555
-2.388888888888885 3.944444444444445 2.611111111111111 1.277777777777778 -0.05555555555555642 -1.388888888888888 -2.722222222222219 -4.055555555555563 58.61111111111111 -6.722222222222218 -8.055555555555557 -9.388888888888889
-3.722222222222221 2.61111111111111 1.277777777777776 -0.05555555555555701 -1.38888888888889 -2.722222222222221 -4.055555555555551 -5.388888888888892 -6.722222222222223 63.94444444444443 -9.388888888888888 -10.72222222222222
-5.055555555555555 1.277777777777776 -0.0555555555555579 -1.388888888888891 -2.722222222222224 -4.055555555555557 -5.388888888888885 -6.722222222222225 -8.055555555555559 -9.388888888888888 69.27777777777777 -12.05555555555556
-6.388888888888889 -0.05555555555555908 -1.388888888888893 -2.722222222222225 -4.055555555555559 -5.388888888888891 -6.722222222222219 -8.055555555555561 -9.388888888888893 -10.72222222222222 -12.05555555555556 74.61111111111111
