16.75 12.91666666666667 11.58333333333334 10.25 8.916666666666664 7.583333333333331 6.249999999999997 4.916666666666665 3.583333333333341 2.250000000000012 0.9166666666666767 -0.4166666666666555
12.91666666666667 20.08333333333333 10.75 9.416666666666664 8.08333333333333 6.749999999999996 5.416666666666662 4.083333333333331 2.750000000000007 1.416666666666681 0.08333333333334589 -1.249999999999989
11.58333333333334 10.75000000000001 25.41666666666667 8.083333333333334 6.750000000000002 5.416666666666666 4.083333333333331 2.749999999999999 1.416666666666673 0.08333333333334841 -1.249999999999991 -2.583333333333328
10.25000000000001 9.416666666666671 8.083333333333336 30.75 5.416666666666668 4.083333333333333 2.749999999999998 1.416666666666666 0.08333333333333938 -1.249999999999986 -2.583333333333324 -3.916666666666657
8.916666666666671 8.083333333333338 6.750000000000004 5.416666666666668 36.08333333333334 2.749999999999998 1.416666666666663 0.08333333333332961 -1.249999999999996 -2.583333333333322 -3.916666666666656 -5.249999999999991
7.583333333333337 6.750000000000004 5.416666666666668 4.083333333333334 2.749999999999999 41.41666666666667 0.08333333333332695 -1.250000000000002 -2.583333333333327 -3.916666666666655 -5.249999999999993 -6.583333333333326
6.249999999999998 5.416666666666665 4.08333333333333 2.749999999999995 1.41666666666666 0.08333333333332295 46.75 -2.583333333333337 -3.916666666666666 -5.24999999999999 -6.583333333333322 -7.916666666666654
4.916666666666671 4.083333333333339 2.750000000000003 1.416666666666668 0.08333333333333376 -1.249999999999998 -2.583333333333329 52.08333333333334 -5.250000000000004 -6.583333333333329 -7.916666666666663 -9.249999999999995
3.583333333333334 2.75 1.416666666666666 0.08333333333333376 -1.250000000000001 -2.583333333333332 -3.916666666666664 -5.250000000000007 57.41666666666667 -7.916666666666663 -9.250000000000002 -10.58333333333333
2.249999999999999 1.416666666666665 0.08333333333333139 -1.250000000000001 -2.583333333333334 -3.916666666666666 -5.249999999999996 -6.583333333333336 -7.916666666666666 62.74999999999999 -10.58333333333333 -11.91666666666667
0.9166666666666651 0.08333333333333139 -1.250000000000002 -2.583333333333336 -3.916666666666668 -5.250000000000001 -6.583333333333329 -7.91666666666667 -9.250000000000004 -10.58333333333333 68.08333333333333 -13.25
-0.4166666666666698 -1.250000000000004 -2.583333333333338 -3.91666666666667 -5.250000000000002 -6.583333333333336 -7.916666666666663 -9.250000000000004 -10.58333333333334 -11.91666666666667 -13.25 73.41666666666667
