54.24999999999999 5.41666666666667 4.083333333333336 2.749999999999998 1.416666666666665 0.08333333333333168 -1.25 -2.583333333333334 -3.91666666666666 -5.249999999999987 -6.583333333333322 -7.916666666666655
5.416666666666656 21.58333333333334 12.25 10.91666666666666 9.583333333333334 8.249999999999998 6.916666666666665 5.583333333333334 4.250000000000009 2.916666666666682 1.583333333333346 0.2500000000000106
4.083333333333337 12.25000000000001 26.91666666666668 9.583333333333336 8.250000000000004 6.916666666666666 5.583333333333332 4.25 2.916666666666672 1.583333333333348 0.2500000000000092 -1.083333333333328
2.749999999999993 10.91666666666668 9.583333333333339 32.25 6.916666666666671 5.583333333333336 4.250000000000001 2.916666666666669 1.583333333333342 0.2500000000000179 -1.08333333333332 -2.416666666666653
1.416666666666665 9.583333333333339 8.250000000000005 6.91666666666667 37.58333333333334 4.249999999999999 2.916666666666665 1.583333333333331 0.2500000000000046 -1.08333333333332 -2.416666666666655 -3.749999999999991
0.0833333333333305 8.250000000000004 6.91666666666667 5.583333333333335 4.249999999999999 42.91666666666667 1.583333333333329 0.2500000000000001 -1.083333333333325 -2.416666666666653 -3.749999999999992 -5.083333333333324
-1.250000000000009 6.916666666666666 5.583333333333331 4.249999999999996 2.916666666666662 1.583333333333326 48.25 -1.083333333333336 -2.416666666666664 -3.749999999999989 -5.083333333333321 -6.416666666666653
-2.583333333333333 5.583333333333338 4.250000000000005 2.916666666666669 1.583333333333334 0.2500000000000034 -1.083333333333329 53.58333333333334 -3.750000000000001 -5.083333333333329 -6.416666666666663 -7.749999999999995
-3.916666666666664 4.250000000000001 2.916666666666666 1.583333333333334 0.249999999999999 -1.083333333333332 -2.416666666666664 -3.750000000000007 58.91666666666667 -6.416666666666663 -7.750000000000002 -9.083333333333334
-5.249999999999997 2.916666666666665 1.583333333333332 0.2499999999999992 -1.083333333333335 -2.416666666666665 -3.749999999999994 -5.083333333333337 -6.416666666666666 64.24999999999999 -9.083333333333332 -10.41666666666667
-6.583333333333334 1.583333333333331 0.2499999999999975 -1.083333333333336 -2.416666666666668 -3.750000000000002 -5.083333333333329 -6.41666666666667 -7.750000000000004 -9.083333333333332 69.58333333333333 -11.75
-7.916666666666668 0.2499999999999963 -1.083333333333338 -2.41666666666667 -3.750000000000002 -5.083333333333336 -6.416666666666663 -7.750000000000004 -9.083333333333338 -10.41666666666667 -11.75 74.91666666666667
