59.80555555555556 4.305555555555557 2.972222222222225 1.638888888888887 0.3055555555555549 -1.027777777777779 -2.361111111111114 -3.694444444444447 -5.027777777777771 -6.361111111111099 -7.694444444444435 -9.027777777777766
4.305555555555546 21.80555555555556 12.47222222222223 11.13888888888889 9.805555555555555 8.47222222222222 7.138888888888887 5.805555555555556 4.472222222222231 3.138888888888905 1.805555555555569 0.4722222222222338
2.972222222222224 12.47222222222223 27.1388888888889 9.805555555555557 8.472222222222225 7.138888888888888 5.805555555555555 4.472222222222222 3.138888888888895 1.80555555555557 0.4722222222222304 -0.8611111111111061
1.638888888888883 11.1388888888889 9.805555555555563 32.47222222222222 7.138888888888893 5.805555555555558 4.472222222222223 3.138888888888891 1.805555555555565 0.4722222222222402 -0.8611111111110973 -2.194444444444432
0.3055555555555546 9.805555555555563 8.472222222222227 7.138888888888892 37.80555555555556 4.472222222222221 3.138888888888888 1.805555555555554 0.4722222222222267 -0.8611111111110982 -2.194444444444433 -3.527777777777768
-1.02777777777778 8.472222222222227 7.138888888888892 5.805555555555557 4.472222222222221 43.13888888888889 1.80555555555555 0.4722222222222215 -0.8611111111111035 -2.194444444444432 -3.52777777777777 -4.861111111111103
-2.361111111111121 7.138888888888888 5.805555555555554 4.472222222222219 3.138888888888884 1.805555555555549 48.47222222222223 -0.8611111111111128 -2.194444444444442 -3.527777777777766 -4.861111111111098 -6.19444444444443
-3.694444444444444 5.805555555555561 4.472222222222227 3.138888888888892 1.805555555555556 0.4722222222222257 -0.8611111111111056 53.80555555555556 -3.52777777777778 -4.861111111111105 -6.194444444444441 -7.527777777777772
-5.027777777777775 4.472222222222222 3.138888888888888 1.805555555555556 0.4722222222222213 -0.8611111111111092 -2.194444444444441 -3.527777777777784 59.13888888888889 -6.194444444444441 -7.52777777777778 -8.861111111111113
-6.361111111111109 3.138888888888886 1.805555555555554 0.4722222222222215 -0.8611111111111124 -2.194444444444443 -3.527777777777773 -4.861111111111115 -6.194444444444445 64.47222222222221 -8.861111111111111 -10.19444444444445
-7.694444444444445 1.805555555555553 0.4722222222222187 -0.8611111111111124 -2.194444444444446 -3.52777777777778 -4.861111111111107 -6.194444444444448 -7.527777777777782 -8.861111111111111 69.80555555555556 -11.52777777777778
-9.027777777777779 0.4722222222222177 -0.8611111111111163 -2.194444444444446 -3.52777777777778 -4.861111111111113 -6.194444444444442 -7.527777777777783 -8.861111111111118 -10.19444444444445 -11.52777777777778 75.13888888888889
