38.97222222222222 8.472222222222223 7.138888888888892 5.805555555555553 4.47222222222222 3.138888888888888 1.805555555555553 0.4722222222222208 -0.8611111111111041 -2.194444444444433 -3.527777777777769 -4.861111111111101
8.472222222222218 20.97222222222222 11.63888888888889 10.30555555555555 8.972222222222221 7.638888888888887 6.305555555555552 4.972222222222221 3.638888888888896 2.30555555555557 0.9722222222222352 -0.3611111111111002
7.138888888888892 11.6388888888889 26.30555555555556 8.972222222222225 7.638888888888891 6.305555555555555 4.972222222222221 3.638888888888888 2.305555555555562 0.9722222222222372 -0.3611111111111016 -1.694444444444438
5.805555555555555 10.30555555555556 8.972222222222227 31.63888888888889 6.305555555555558 4.972222222222223 3.638888888888888 2.305555555555557 0.9722222222222295 -0.3611111111110946 -1.694444444444432 -3.027777777777766
4.472222222222222 8.972222222222229 7.638888888888894 6.305555555555557 36.97222222222222 3.638888888888888 2.305555555555554 0.9722222222222196 -0.3611111111111071 -1.694444444444432 -3.027777777777766 -4.361111111111101
3.138888888888888 7.638888888888893 6.305555555555557 4.972222222222223 3.638888888888888 42.30555555555556 0.972222222222218 -0.3611111111111124 -1.694444444444436 -3.027777777777765 -4.361111111111103 -5.694444444444436
1.805555555555549 6.305555555555555 4.97222222222222 3.638888888888885 2.30555555555555 0.9722222222222149 47.63888888888889 -1.694444444444448 -3.027777777777775 -4.361111111111099 -5.69444444444443 -7.027777777777764
0.4722222222222257 4.972222222222227 3.638888888888893 2.305555555555559 0.9722222222222225 -0.3611111111111091 -1.69444444444444 52.97222222222223 -4.361111111111113 -5.694444444444439 -7.027777777777773 -8.361111111111105
-0.8611111111111092 3.638888888888889 2.305555555555555 0.9722222222222225 -0.3611111111111127 -1.694444444444443 -3.027777777777776 -4.361111111111118 58.30555555555556 -7.027777777777775 -8.361111111111114 -9.694444444444446
-2.194444444444442 2.305555555555555 0.9722222222222207 -0.3611111111111124 -1.694444444444445 -3.027777777777776 -4.361111111111106 -5.694444444444448 -7.027777777777779 63.63888888888887 -9.694444444444443 -11.02777777777778
-3.527777777777779 0.9722222222222204 -0.3611111111111133 -1.694444444444447 -3.027777777777779 -4.361111111111113 -5.694444444444439 -7.02777777777778 -8.361111111111114 -9.694444444444443 68.97222222222221 -12.36111111111111
-4.861111111111113 -0.3611111111111144 -1.694444444444448 -3.02777777777778 -4.361111111111113 -5.694444444444446 -7.027777777777774 -8.361111111111116 -9.694444444444448 -11.02777777777778 -12.36111111111111 74.30555555555556
