43.83333333333334 7.500000000000003 6.166666666666669 4.83333333333333 3.499999999999998 2.166666666666664 0.8333333333333315 -0.5000000000000022 -1.833333333333327 -3.166666666666655 -4.499999999999991 -5.833333333333323
7.499999999999995 21.16666666666667 11.83333333333334 10.5 9.166666666666666 7.833333333333331 6.499999999999997 5.166666666666667 3.833333333333342 2.500000000000016 1.16666666666668 -0.1666666666666555
6.16666666666667 11.83333333333334 26.50000000000001 9.16666666666667 7.833333333333336 6.499999999999999 5.166666666666666 3.833333333333333 2.500000000000007 1.166666666666682 -0.1666666666666569 -1.499999999999994
4.833333333333331 10.50000000000001 9.166666666666671 31.83333333333333 6.500000000000003 5.166666666666668 3.833333333333334 2.500000000000002 1.166666666666674 -0.16666666666665 -1.499999999999987 -2.833333333333321
3.5 9.166666666666673 7.833333333333338 6.500000000000003 37.16666666666667 3.833333333333332 2.499999999999998 1.166666666666664 -0.1666666666666624 -1.499999999999987 -2.833333333333321 -4.166666666666656
2.166666666666667 7.833333333333338 6.500000000000002 5.166666666666668 3.833333333333332 42.50000000000001 1.166666666666663 -0.1666666666666677 -1.499999999999992 -2.83333333333332 -4.166666666666658 -5.499999999999991
0.8333333333333274 6.499999999999999 5.166666666666663 3.83333333333333 2.499999999999994 1.16666666666666 47.83333333333334 -1.500000000000003 -2.833333333333332 -4.166666666666655 -5.499999999999988 -6.83333333333332
-0.4999999999999984 5.166666666666672 3.833333333333338 2.500000000000003 1.166666666666667 -0.1666666666666645 -1.499999999999996 53.16666666666667 -4.166666666666668 -5.499999999999995 -6.833333333333329 -8.166666666666661
-1.83333333333333 3.833333333333334 2.5 1.166666666666666 -0.166666666666668 -1.499999999999998 -2.833333333333332 -4.166666666666673 58.5 -6.83333333333333 -8.16666666666667 -9.500000000000002
-3.166666666666665 2.499999999999999 1.166666666666665 -0.1666666666666677 -1.500000000000001 -2.833333333333332 -4.166666666666662 -5.500000000000003 -6.833333333333334 63.83333333333332 -9.499999999999998 -10.83333333333333
-4.499999999999999 1.166666666666665 -0.1666666666666686 -1.500000000000002 -2.833333333333335 -4.166666666666669 -5.499999999999996 -6.833333333333338 -8.16666666666667 -9.499999999999998 69.16666666666666 -12.16666666666667
-5.833333333333333 -0.1666666666666698 -1.500000000000006 -2.833333333333336 -4.16666666666667 -5.500000000000003 -6.83333333333333 -8.166666666666671 -9.500000000000005 -10.83333333333333 -12.16666666666667 74.5
