58.41666666666666 4.583333333333336 3.250000000000004 1.916666666666665 0.5833333333333333 -0.7500000000000004 -2.083333333333336 -3.416666666666669 -4.749999999999992 -6.083333333333321 -7.416666666666656 -8.749999999999988
4.583333333333322 21.75 12.41666666666667 11.08333333333333 9.75 8.416666666666664 7.083333333333331 5.750000000000001 4.416666666666676 3.08333333333335 1.750000000000014 0.4166666666666784
3.250000000000001 12.41666666666667 27.08333333333334 9.750000000000002 8.41666666666667 7.083333333333333 5.749999999999999 4.416666666666667 3.08333333333334 1.750000000000015 0.4166666666666752 -0.9166666666666614
1.91666666666666 11.08333333333334 9.750000000000005 32.41666666666666 7.083333333333338 5.750000000000003 4.416666666666668 3.083333333333336 1.750000000000009 0.4166666666666848 -0.9166666666666526 -2.249999999999987
0.5833333333333312 9.750000000000007 8.416666666666673 7.083333333333337 37.75 4.416666666666666 3.083333333333332 1.749999999999998 0.4166666666666715 -0.9166666666666535 -2.249999999999988 -3.583333333333323
-0.7500000000000034 8.416666666666671 7.083333333333337 5.750000000000002 4.416666666666666 43.08333333333334 1.749999999999997 0.4166666666666662 -0.916666666666658 -2.249999999999986 -3.583333333333325 -4.916666666666657
-2.083333333333344 7.083333333333333 5.749999999999998 4.416666666666663 3.083333333333329 1.749999999999992 48.41666666666667 -0.9166666666666682 -2.249999999999998 -3.583333333333321 -4.916666666666654 -6.249999999999986
-3.416666666666667 5.750000000000005 4.416666666666672 3.083333333333336 1.75 0.4166666666666695 -0.916666666666661 53.75000000000001 -3.583333333333335 -4.916666666666661 -6.249999999999996 -7.583333333333328
-4.749999999999998 4.416666666666667 3.083333333333333 1.75 0.416666666666665 -0.9166666666666654 -2.249999999999998 -3.583333333333341 59.08333333333334 -6.249999999999996 -7.583333333333336 -8.916666666666668
-6.083333333333332 3.083333333333331 1.749999999999998 0.4166666666666653 -0.9166666666666677 -2.249999999999998 -3.583333333333328 -4.916666666666671 -6.25 64.41666666666666 -8.916666666666666 -10.25
-7.416666666666668 1.749999999999997 0.4166666666666635 -0.9166666666666686 -2.250000000000001 -3.583333333333335 -4.916666666666663 -6.250000000000004 -7.583333333333338 -8.916666666666666 69.75 -11.58333333333333
-8.750000000000002 0.4166666666666624 -0.9166666666666716 -2.250000000000004 -3.583333333333336 -4.916666666666669 -6.249999999999997 -7.583333333333338 -8.916666666666671 -10.25 -11.58333333333333 75.08333333333333
