63.97222222222222 3.472222222222223 2.138888888888891 0.8055555555555529 -0.527777777777779 -1.861111111111114 -3.194444444444448 -4.527777777777781 -5.861111111111105 -7.194444444444433 -8.52777777777777 -9.8611111111111
3.47222222222221 21.97222222222223 12.63888888888889 11.30555555555555 9.972222222222223 8.638888888888886 7.305555555555554 5.972222222222223 4.638888888888898 3.305555555555571 1.972222222222235 0.6388888888888998
2.13888888888889 12.6388888888889 27.30555555555556 9.972222222222225 8.638888888888893 7.305555555555555 5.972222222222221 4.638888888888889 3.305555555555562 1.972222222222237 0.6388888888888982 -0.6944444444444382
0.8055555555555493 11.30555555555556 9.972222222222229 32.63888888888889 7.30555555555556 5.972222222222225 4.638888888888891 3.305555555555558 1.972222222222231 0.6388888888889072 -0.6944444444444303 -2.027777777777764
-0.5277777777777811 9.972222222222229 8.638888888888895 7.305555555555559 37.97222222222223 4.638888888888888 3.305555555555555 1.972222222222221 0.6388888888888936 -0.6944444444444312 -2.027777777777766 -3.361111111111101
-1.861111111111115 8.638888888888893 7.305555555555559 5.972222222222224 4.638888888888888 43.30555555555556 1.972222222222218 0.6388888888888885 -0.6944444444444365 -2.027777777777765 -3.361111111111103 -4.694444444444436
-3.194444444444455 7.305555555555555 5.972222222222221 4.638888888888886 3.305555555555551 1.972222222222215 48.63888888888889 -0.6944444444444468 -2.027777777777775 -3.3611111111111 -4.694444444444431 -6.027777777777764
-4.527777777777777 5.972222222222228 4.638888888888894 3.305555555555559 1.972222222222223 0.6388888888888926 -0.6944444444444395 53.97222222222223 -3.361111111111112 -4.694444444444439 -6.027777777777773 -7.361111111111105
-5.861111111111109 4.638888888888889 3.305555555555555 1.972222222222223 0.6388888888888873 -0.6944444444444431 -2.027777777777775 -3.361111111111117 59.30555555555556 -6.027777777777775 -7.361111111111114 -8.694444444444446
-7.194444444444443 3.305555555555554 1.97222222222222 0.6388888888888876 -0.6944444444444463 -2.027777777777776 -3.361111111111107 -4.694444444444447 -6.027777777777779 64.63888888888887 -8.694444444444445 -10.02777777777778
-8.527777777777779 1.972222222222221 0.6388888888888847 -0.6944444444444463 -2.027777777777779 -3.361111111111113 -4.69444444444444 -6.027777777777782 -7.361111111111114 -8.694444444444443 69.97222222222221 -11.36111111111111
-9.861111111111114 0.6388888888888855 -0.6944444444444502 -2.02777777777778 -3.361111111111114 -4.694444444444446 -6.027777777777775 -7.361111111111116 -8.69444444444445 -10.02777777777778 -11.36111111111111 75.30555555555556
