59.11111111111111 4.444444444444446 3.111111111111114 1.777777777777776 0.444444444444444 -0.8888888888888897 -2.222222222222225 -3.555555555555558 -4.888888888888881 -6.22222222222221 -7.555555555555546 -8.888888888888877
4.444444444444433 21.77777777777778 12.44444444444445 11.11111111111111 9.777777777777779 8.444444444444441 7.111111111111109 5.777777777777779 4.444444444444454 3.111111111111126 1.777777777777791 0.4444444444444552
3.111111111111113 12.44444444444445 27.11111111111112 9.77777777777778 8.444444444444448 7.111111111111111 5.777777777777777 4.444444444444445 3.111111111111117 1.777777777777793 0.4444444444444536 -0.8888888888888828
1.777777777777773 11.11111111111112 9.777777777777784 32.44444444444444 7.111111111111115 5.77777777777778 4.444444444444446 3.111111111111113 1.777777777777787 0.4444444444444625 -0.888888888888875 -2.222222222222209
0.4444444444444421 9.777777777777784 8.44444444444445 7.111111111111114 37.77777777777778 4.444444444444444 3.11111111111111 1.777777777777776 0.444444444444449 -0.8888888888888759 -2.22222222222221 -3.555555555555546
-0.888888888888891 8.444444444444448 7.111111111111114 5.77777777777778 4.444444444444444 43.11111111111111 1.777777777777774 0.4444444444444439 -0.8888888888888812 -2.222222222222209 -3.555555555555548 -4.88888888888888
-2.222222222222232 7.111111111111111 5.777777777777776 4.444444444444441 3.111111111111106 1.77777777777777 48.44444444444445 -0.8888888888888914 -2.222222222222219 -3.555555555555544 -4.888888888888876 -6.222222222222208
-3.555555555555555 5.777777777777783 4.444444444444449 3.111111111111114 1.777777777777778 0.444444444444448 -0.8888888888888842 53.77777777777778 -3.555555555555557 -4.888888888888884 -6.222222222222218 -7.55555555555555
-4.888888888888886 4.444444444444445 3.111111111111111 1.777777777777778 0.4444444444444427 -0.8888888888888877 -2.222222222222219 -3.555555555555562 59.11111111111111 -6.22222222222222 -7.555555555555559 -8.888888888888891
-6.222222222222221 3.111111111111109 1.777777777777776 0.444444444444443 -0.8888888888888901 -2.22222222222222 -3.555555555555551 -4.888888888888892 -6.222222222222223 64.44444444444443 -8.888888888888888 -10.22222222222222
-7.555555555555555 1.777777777777776 0.4444444444444421 -0.888888888888891 -2.222222222222224 -3.555555555555558 -4.888888888888885 -6.222222222222227 -7.555555555555559 -8.888888888888888 69.77777777777777 -11.55555555555556
-8.888888888888889 0.4444444444444409 -0.8888888888888948 -2.222222222222225 -3.555555555555559 -4.888888888888891 -6.22222222222222 -7.555555555555561 -8.888888888888895 -10.22222222222222 -11.55555555555556 75.11111111111111
