23 11.66666666666667 10.33333333333334 8.999999999999998 7.666666666666665 6.33333333333333 4.999999999999996 3.666666666666665 2.333333333333342 1.000000000000012 -0.3333333333333233 -1.666666666666655
11.66666666666667 20.33333333333333 11 9.666666666666664 8.33333333333333 6.999999999999996 5.666666666666662 4.333333333333332 3.000000000000007 1.666666666666681 0.3333333333333459 -0.9999999999999895
10.33333333333334 11.00000000000001 25.66666666666667 8.333333333333334 7.000000000000002 5.666666666666666 4.333333333333332 2.999999999999999 1.666666666666673 0.3333333333333484 -0.9999999999999909 -2.333333333333328
9.000000000000004 9.666666666666671 8.333333333333338 31 5.666666666666669 4.333333333333334 2.999999999999999 1.666666666666667 0.3333333333333403 -0.9999999999999848 -2.333333333333323 -3.666666666666657
7.666666666666671 8.333333333333338 7.000000000000004 5.666666666666668 36.33333333333334 2.999999999999998 1.666666666666663 0.3333333333333296 -0.9999999999999963 -2.333333333333322 -3.666666666666656 -4.999999999999991
6.333333333333336 7.000000000000004 5.666666666666669 4.333333333333334 2.999999999999999 41.66666666666667 0.3333333333333269 -1.000000000000002 -2.333333333333327 -3.666666666666655 -4.999999999999993 -6.333333333333326
4.999999999999997 5.666666666666665 4.33333333333333 2.999999999999995 1.66666666666666 0.3333333333333229 47 -2.333333333333337 -3.666666666666666 -4.99999999999999 -6.333333333333322 -7.666666666666654
3.666666666666671 4.333333333333339 3.000000000000004 1.666666666666669 0.3333333333333338 -0.9999999999999985 -2.333333333333329 52.33333333333334 -5.000000000000004 -6.333333333333329 -7.666666666666664 -8.999999999999995
2.333333333333334 3 1.666666666666667 0.3333333333333338 -1.000000000000001 -2.333333333333332 -3.666666666666664 -5.000000000000007 57.66666666666667 -7.666666666666663 -9.000000000000002 -10.33333333333333
0.9999999999999983 1.666666666666665 0.3333333333333314 -1.000000000000001 -2.333333333333334 -3.666666666666666 -4.999999999999996 -6.333333333333336 -7.666666666666666 62.99999999999999 -10.33333333333333 -11.66666666666667
-0.3333333333333347 0.3333333333333314 -1.000000000000002 -2.333333333333335 -3.666666666666668 -5.000000000000002 -6.333333333333329 -7.66666666666667 -9.000000000000004 -10.33333333333333 68.33333333333333 -13
-1.66666666666667 -1.000000000000004 -2.333333333333338 -3.66666666666667 -5.000000000000002 -6.333333333333336 -7.666666666666663 -9.000000000000004 -10.33333333333334 -11.66666666666667 -13 73.66666666666667
