51.47222222222222 5.972222222222223 4.638888888888891 3.305555555555554 1.972222222222221 0.6388888888888868 -0.6944444444444469 -2.02777777777778 -3.361111111111105 -4.694444444444433 -6.027777777777769 -7.3611111111111
5.972222222222213 21.47222222222222 12.13888888888889 10.80555555555555 9.472222222222223 8.138888888888886 6.805555555555554 5.472222222222222 4.138888888888897 2.805555555555571 1.472222222222235 0.1388888888888998
4.638888888888892 12.1388888888889 26.80555555555556 9.472222222222225 8.138888888888893 6.805555555555555 5.472222222222221 4.138888888888889 2.805555555555562 1.472222222222237 0.1388888888888984 -1.194444444444438
3.30555555555555 10.80555555555556 9.472222222222229 32.13888888888889 6.805555555555559 5.472222222222224 4.138888888888889 2.805555555555557 1.472222222222231 0.1388888888889063 -1.194444444444431 -2.527777777777766
1.972222222222221 9.472222222222229 8.138888888888895 6.805555555555559 37.47222222222222 4.138888888888888 2.805555555555554 1.472222222222221 0.1388888888888938 -1.194444444444431 -2.527777777777766 -3.861111111111101
0.6388888888888876 8.138888888888893 6.805555555555558 5.472222222222223 4.138888888888888 42.80555555555556 1.472222222222218 0.1388888888888876 -1.194444444444436 -2.527777777777765 -3.861111111111103 -5.194444444444436
-0.6944444444444521 6.805555555555555 5.47222222222222 4.138888888888885 2.80555555555555 1.472222222222215 48.13888888888889 -1.194444444444447 -2.527777777777775 -3.8611111111111 -5.194444444444431 -6.527777777777764
-2.027777777777777 5.472222222222228 4.138888888888894 2.805555555555559 1.472222222222223 0.1388888888888927 -1.19444444444444 53.47222222222223 -3.861111111111112 -5.194444444444439 -6.527777777777773 -7.861111111111105
-3.361111111111109 4.138888888888889 2.805555555555555 1.472222222222223 0.1388888888888873 -1.194444444444443 -2.527777777777775 -3.861111111111117 58.80555555555556 -6.527777777777775 -7.861111111111114 -9.194444444444446
-4.694444444444442 2.805555555555554 1.472222222222221 0.1388888888888876 -1.194444444444445 -2.527777777777776 -3.861111111111107 -5.194444444444447 -6.527777777777779 64.13888888888887 -9.194444444444443 -10.52777777777778
-6.027777777777779 1.472222222222221 0.1388888888888867 -1.194444444444446 -2.527777777777779 -3.861111111111113 -5.19444444444444 -6.527777777777782 -7.861111111111114 -9.194444444444443 69.47222222222221 -11.86111111111111
-7.361111111111113 0.1388888888888856 -1.19444444444445 -2.52777777777778 -3.861111111111114 -5.194444444444446 -6.527777777777775 -7.861111111111116 -9.19444444444445 -10.52777777777778 -11.86111111111111 74.80555555555556
