20.22222222222222 12.22222222222222 10.88888888888889 9.555555555555554 8.22222222222222 6.888888888888888 5.555555555555553 4.222222222222221 2.888888888888896 1.555555555555568 0.2222222222222321 -1.1111111111111
12.22222222222222 20.22222222222222 10.88888888888889 9.555555555555552 8.22222222222222 6.888888888888885 5.55555555555555 4.222222222222221 2.888888888888896 1.555555555555569 0.2222222222222334 -1.111111111111102
10.8888888888889 10.8888888888889 25.55555555555556 8.222222222222223 6.888888888888891 5.555555555555555 4.222222222222221 2.888888888888888 1.555555555555562 0.2222222222222368 -1.111111111111103 -2.444444444444438
9.555555555555561 9.555555555555561 8.222222222222225 30.88888888888889 5.555555555555557 4.222222222222222 2.888888888888888 1.555555555555556 0.2222222222222278 -1.111111111111096 -2.444444444444434 -3.777777777777768
8.222222222222227 8.222222222222227 6.888888888888893 5.555555555555557 36.22222222222223 2.888888888888886 1.555555555555553 0.2222222222222189 -1.111111111111108 -2.444444444444434 -3.777777777777767 -5.111111111111102
6.888888888888892 6.888888888888892 5.555555555555557 4.222222222222222 2.888888888888888 41.55555555555556 0.2222222222222162 -1.111111111111112 -2.444444444444438 -3.777777777777766 -5.111111111111104 -6.444444444444438
5.555555555555554 5.555555555555554 4.222222222222219 2.888888888888884 1.555555555555549 0.2222222222222122 46.88888888888889 -2.44444444444445 -3.777777777777776 -5.111111111111101 -6.444444444444432 -7.777777777777765
4.222222222222228 4.222222222222228 2.888888888888892 1.555555555555558 0.222222222222223 -1.111111111111109 -2.44444444444444 52.22222222222223 -5.111111111111114 -6.444444444444439 -7.777777777777773 -9.111111111111105
2.888888888888889 2.888888888888889 1.555555555555556 0.222222222222223 -1.111111111111112 -2.444444444444442 -3.777777777777775 -5.111111111111118 57.55555555555556 -7.777777777777773 -9.111111111111113 -10.44444444444445
1.555555555555554 1.555555555555554 0.2222222222222207 -1.111111111111111 -2.444444444444444 -3.777777777777776 -5.111111111111106 -6.444444444444446 -7.777777777777777 62.88888888888887 -10.44444444444444 -11.77777777777778
0.2222222222222207 0.2222222222222207 -1.111111111111113 -2.444444444444447 -3.777777777777779 -5.111111111111113 -6.444444444444439 -7.77777777777778 -9.111111111111114 -10.44444444444444 68.22222222222221 -13.11111111111111
-1.111111111111115 -1.111111111111115 -2.444444444444448 -3.77777777777778 -5.111111111111113 -6.444444444444446 -7.777777777777774 -9.111111111111116 -10.44444444444445 -11.77777777777778 -13.11111111111111 73.55555555555556
