69.52777777777777 2.361111111111113 1.02777777777778 -0.3055555555555576 -1.638888888888891 -2.972222222222227 -4.30555555555556 -5.638888888888892 -6.972222222222217 -8.305555555555545 -9.63888888888888 -10.97222222222221
2.361111111111098 22.19444444444445 12.86111111111112 11.52777777777778 10.19444444444445 8.861111111111109 7.527777777777776 6.194444444444446 4.861111111111121 3.527777777777794 2.194444444444458 0.861111111111123
1.027777777777779 12.86111111111112 27.52777777777779 10.19444444444445 8.861111111111114 7.527777777777778 6.194444444444444 4.861111111111112 3.527777777777785 2.19444444444446 0.8611111111111214 -0.472222222222215
-0.305555555555565 11.52777777777779 10.19444444444445 32.86111111111111 7.527777777777783 6.194444444444448 4.861111111111113 3.527777777777781 2.194444444444454 0.861111111111129 -0.472222222222208 -1.805555555555543
-1.638888888888894 10.19444444444445 8.861111111111118 7.527777777777782 38.19444444444445 4.861111111111111 3.527777777777777 2.194444444444444 0.8611111111111168 -0.472222222222208 -1.805555555555542 -3.138888888888878
-2.972222222222227 8.861111111111116 7.527777777777781 6.194444444444446 4.861111111111111 43.52777777777779 2.194444444444441 0.8611111111111108 -0.4722222222222142 -1.805555555555542 -3.138888888888881 -4.472222222222213
-4.305555555555567 7.527777777777779 6.194444444444443 4.861111111111108 3.527777777777773 2.194444444444437 48.86111111111111 -0.4722222222222235 -1.805555555555553 -3.138888888888877 -4.472222222222208 -5.80555555555554
-5.638888888888891 6.19444444444445 4.861111111111115 3.527777777777781 2.194444444444445 0.8611111111111145 -0.4722222222222163 54.19444444444445 -3.13888888888889 -4.472222222222216 -5.805555555555552 -7.138888888888883
-6.972222222222221 4.861111111111112 3.527777777777778 2.194444444444445 0.8611111111111092 -0.4722222222222207 -1.805555555555553 -3.138888888888896 59.52777777777778 -5.805555555555552 -7.138888888888891 -8.472222222222223
-8.30555555555555 3.527777777777775 2.194444444444442 0.8611111111111091 -0.472222222222224 -1.805555555555555 -3.138888888888885 -4.472222222222226 -5.805555555555557 64.8611111111111 -8.472222222222223 -9.805555555555557
-9.638888888888886 2.194444444444442 0.8611111111111079 -0.472222222222224 -1.805555555555557 -3.138888888888891 -4.472222222222218 -5.805555555555559 -7.138888888888893 -8.472222222222221 70.19444444444444 -11.13888888888889
-10.97222222222222 0.8611111111111069 -0.4722222222222269 -1.805555555555559 -3.138888888888891 -4.472222222222224 -5.805555555555552 -7.138888888888894 -8.472222222222229 -9.805555555555557 -11.13888888888889 75.52777777777777
