62.58333333333333 3.750000000000002 2.41666666666667 1.083333333333332 -0.2500000000000004 -1.583333333333336 -2.91666666666667 -4.250000000000003 -5.583333333333326 -6.916666666666655 -8.249999999999991 -9.583333333333322
3.749999999999989 21.91666666666667 12.58333333333334 11.25 9.916666666666668 8.58333333333333 7.249999999999998 5.916666666666668 4.583333333333343 3.250000000000016 1.91666666666668 0.5833333333333445
2.416666666666667 12.58333333333334 27.25000000000001 9.91666666666667 8.583333333333338 7.25 5.916666666666666 4.583333333333333 3.250000000000007 1.916666666666682 0.5833333333333428 -0.7499999999999936
1.083333333333326 11.25000000000001 9.916666666666673 32.58333333333334 7.250000000000004 5.91666666666667 4.583333333333335 3.250000000000003 1.916666666666675 0.5833333333333509 -0.7499999999999866 -2.083333333333321
-0.2500000000000026 9.916666666666673 8.583333333333339 7.250000000000004 37.91666666666667 4.583333333333333 3.249999999999999 1.916666666666665 0.5833333333333383 -0.7499999999999866 -2.083333333333321 -3.416666666666657
-1.583333333333336 8.583333333333338 7.250000000000004 5.916666666666669 4.583333333333333 43.25000000000001 1.916666666666663 0.5833333333333332 -0.7499999999999919 -2.08333333333332 -3.416666666666659 -4.749999999999991
-2.916666666666676 7.25 5.916666666666665 4.58333333333333 3.249999999999996 1.91666666666666 48.58333333333334 -0.7500000000000021 -2.08333333333333 -3.416666666666655 -4.749999999999987 -6.083333333333319
-4.25 5.916666666666672 4.583333333333338 3.250000000000003 1.916666666666667 0.5833333333333373 -0.7499999999999949 53.91666666666667 -3.416666666666667 -4.749999999999995 -6.083333333333329 -7.416666666666661
-5.583333333333332 4.583333333333334 3.249999999999999 1.916666666666667 0.5833333333333319 -0.7499999999999985 -2.08333333333333 -3.416666666666673 59.25 -6.08333333333333 -7.41666666666667 -8.750000000000002
-6.916666666666664 3.249999999999999 1.916666666666665 0.5833333333333323 -0.7500000000000017 -2.083333333333333 -3.416666666666662 -4.750000000000004 -6.083333333333334 64.58333333333331 -8.75 -10.08333333333333
-8.25 1.916666666666665 0.5833333333333294 -0.7500000000000017 -2.083333333333334 -3.416666666666668 -4.749999999999996 -6.083333333333338 -7.41666666666667 -8.749999999999998 69.91666666666666 -11.41666666666667
-9.583333333333336 0.5833333333333302 -0.7500000000000056 -2.083333333333336 -3.41666666666667 -4.750000000000002 -6.08333333333333 -7.416666666666671 -8.750000000000005 -10.08333333333333 -11.41666666666667 75.25
