37.58333333333333 8.750000000000002 7.416666666666671 6.083333333333331 4.749999999999998 3.416666666666665 2.083333333333331 0.7499999999999993 -0.5833333333333255 -1.916666666666655 -3.24999999999999 -4.583333333333322
8.749999999999996 20.91666666666667 11.58333333333334 10.25 8.916666666666666 7.58333333333333 6.249999999999996 4.916666666666666 3.583333333333341 2.250000000000015 0.9166666666666798 -0.4166666666666555
7.41666666666667 11.58333333333334 26.25000000000001 8.91666666666667 7.583333333333336 6.25 4.916666666666665 3.583333333333333 2.250000000000006 0.9166666666666818 -0.4166666666666569 -1.749999999999994
6.083333333333333 10.25000000000001 8.916666666666671 31.58333333333333 6.250000000000003 4.916666666666668 3.583333333333333 2.250000000000001 0.9166666666666742 -0.4166666666666509 -1.749999999999989 -3.083333333333323
4.75 8.916666666666671 7.583333333333338 6.250000000000002 36.91666666666667 3.583333333333332 2.249999999999998 0.9166666666666642 -0.4166666666666624 -1.749999999999988 -3.083333333333321 -4.416666666666656
3.416666666666667 7.583333333333338 6.250000000000002 4.916666666666668 3.583333333333332 42.25000000000001 0.9166666666666609 -0.4166666666666677 -1.749999999999991 -3.083333333333321 -4.416666666666659 -5.749999999999992
2.083333333333328 6.249999999999999 4.916666666666663 3.583333333333329 2.249999999999994 0.9166666666666595 47.58333333333334 -1.750000000000003 -3.083333333333332 -4.416666666666655 -5.749999999999988 -7.08333333333332
0.7500000000000029 4.916666666666671 3.583333333333338 2.250000000000003 0.9166666666666663 -0.4166666666666645 -1.749999999999995 52.91666666666667 -4.41666666666667 -5.749999999999995 -7.08333333333333 -8.416666666666661
-0.5833333333333315 3.583333333333334 2.25 0.9166666666666672 -0.416666666666668 -1.749999999999998 -3.083333333333332 -4.416666666666673 58.25 -7.08333333333333 -8.41666666666667 -9.750000000000002
-1.916666666666665 2.249999999999999 0.9166666666666653 -0.4166666666666677 -1.75 -3.083333333333332 -4.416666666666662 -5.750000000000004 -7.083333333333334 63.58333333333332 -9.749999999999998 -11.08333333333333
-3.250000000000001 0.9166666666666651 -0.4166666666666686 -1.750000000000002 -3.083333333333335 -4.416666666666668 -5.749999999999996 -7.083333333333338 -8.41666666666667 -9.749999999999998 68.91666666666666 -12.41666666666667
-4.583333333333335 -0.4166666666666698 -1.750000000000006 -3.083333333333336 -4.416666666666669 -5.750000000000002 -7.08333333333333 -8.416666666666671 -9.750000000000004 -11.08333333333333 -12.41666666666667 74.25
