25.77777777777778 11.11111111111111 9.77777777777778 8.444444444444443 7.11111111111111 5.777777777777775 4.444444444444442 3.11111111111111 1.777777777777786 0.4444444444444573 -0.8888888888888786 -2.222222222222211
11.11111111111111 20.44444444444444 11.11111111111111 9.777777777777775 8.444444444444443 7.111111111111108 5.777777777777773 4.444444444444444 3.111111111111119 1.777777777777792 0.4444444444444566 -0.8888888888888787
9.777777777777784 11.11111111111112 25.77777777777779 8.444444444444445 7.111111111111113 5.777777777777778 4.444444444444443 3.111111111111111 1.777777777777783 0.4444444444444591 -0.8888888888888802 -2.222222222222217
8.444444444444448 9.777777777777784 8.444444444444448 31.11111111111111 5.77777777777778 4.444444444444445 3.11111111111111 1.777777777777778 0.444444444444451 -0.8888888888888732 -2.222222222222211 -3.555555555555544
7.111111111111114 8.44444444444445 7.111111111111116 5.77777777777778 36.44444444444445 3.111111111111109 1.777777777777776 0.4444444444444421 -0.8888888888888847 -2.22222222222221 -3.555555555555544 -4.88888888888888
5.77777777777778 7.111111111111114 5.77777777777778 4.444444444444446 3.111111111111109 41.77777777777778 0.4444444444444394 -0.888888888888891 -2.222222222222215 -3.555555555555544 -4.888888888888881 -6.222222222222214
4.444444444444442 5.777777777777776 4.444444444444441 3.111111111111106 1.777777777777772 0.4444444444444337 47.11111111111111 -2.222222222222226 -3.555555555555555 -4.888888888888878 -6.222222222222211 -7.555555555555543
3.111111111111116 4.444444444444449 3.111111111111115 1.77777777777778 0.4444444444444445 -0.8888888888888877 -2.222222222222218 52.44444444444445 -4.888888888888891 -6.222222222222218 -7.555555555555552 -8.888888888888884
1.777777777777779 3.111111111111112 1.777777777777778 0.4444444444444454 -0.8888888888888904 -2.222222222222219 -3.555555555555553 -4.888888888888895 57.77777777777778 -7.555555555555552 -8.888888888888891 -10.22222222222222
0.444444444444443 1.777777777777776 0.444444444444443 -0.8888888888888892 -2.222222222222223 -3.555555555555553 -4.888888888888883 -6.222222222222225 -7.555555555555555 63.1111111111111 -10.22222222222222 -11.55555555555555
-0.8888888888888901 0.4444444444444421 -0.8888888888888918 -2.222222222222225 -3.555555555555557 -4.88888888888889 -6.222222222222218 -7.555555555555559 -8.888888888888893 -10.22222222222222 68.44444444444444 -12.88888888888889
-2.222222222222225 -0.8888888888888931 -2.222222222222227 -3.555555555555557 -4.888888888888891 -6.222222222222224 -7.555555555555552 -8.888888888888893 -10.22222222222223 -11.55555555555556 -12.88888888888889 73.77777777777779
