23.69444444444445 11.52777777777778 10.19444444444445 8.861111111111109 7.527777777777777 6.194444444444442 4.861111111111108 3.527777777777777 2.194444444444452 0.8611111111111229 -0.4722222222222126 -1.805555555555545
11.52777777777778 20.36111111111111 11.02777777777778 9.694444444444441 8.361111111111109 7.027777777777774 5.694444444444439 4.36111111111111 3.027777777777785 1.694444444444458 0.3611111111111227 -0.9722222222222127
10.19444444444445 11.02777777777778 25.69444444444445 8.361111111111113 7.02777777777778 5.694444444444444 4.36111111111111 3.027777777777777 1.69444444444445 0.3611111111111261 -0.9722222222222132 -2.305555555555549
8.861111111111114 9.69444444444445 8.361111111111114 31.02777777777778 5.694444444444446 4.361111111111112 3.027777777777777 1.694444444444445 0.3611111111111179 -0.9722222222222071 -2.305555555555545 -3.638888888888878
7.527777777777781 8.361111111111116 7.027777777777782 5.694444444444446 36.36111111111111 3.027777777777775 1.694444444444442 0.3611111111111082 -0.9722222222222187 -2.305555555555544 -3.638888888888877 -4.972222222222213
6.194444444444446 7.027777777777781 5.694444444444446 4.361111111111112 3.027777777777777 41.69444444444445 0.3611111111111055 -0.9722222222222231 -2.305555555555549 -3.638888888888876 -4.972222222222214 -6.305555555555548
4.861111111111108 5.694444444444443 4.361111111111108 3.027777777777773 1.694444444444438 0.3611111111111015 47.02777777777778 -2.30555555555556 -3.638888888888887 -4.972222222222212 -6.305555555555543 -7.638888888888876
3.527777777777783 4.361111111111117 3.027777777777782 1.694444444444447 0.3611111111111106 -0.9722222222222199 -2.305555555555551 52.36111111111111 -4.972222222222225 -6.30555555555555 -7.638888888888886 -8.972222222222216
2.194444444444445 3.027777777777778 1.694444444444444 0.3611111111111114 -0.9722222222222234 -2.305555555555553 -3.638888888888885 -4.972222222222229 57.69444444444445 -7.638888888888884 -8.972222222222223 -10.30555555555556
0.8611111111111091 1.694444444444443 0.3611111111111099 -0.9722222222222231 -2.305555555555556 -3.638888888888887 -4.972222222222217 -6.305555555555559 -7.638888888888889 63.02777777777776 -10.30555555555555 -11.63888888888889
-0.472222222222224 0.3611111111111082 -0.9722222222222249 -2.305555555555558 -3.638888888888891 -4.972222222222223 -6.305555555555552 -7.638888888888891 -8.972222222222225 -10.30555555555555 68.36111111111111 -12.97222222222222
-1.805555555555559 -0.9722222222222252 -2.305555555555559 -3.638888888888891 -4.972222222222224 -6.305555555555558 -7.638888888888886 -8.972222222222227 -10.30555555555556 -11.63888888888889 -12.97222222222222 73.69444444444444
