41.75 7.91666666666667 6.583333333333337 5.249999999999998 3.916666666666666 2.583333333333333 1.249999999999998 -0.0833333333333344 -1.41666666666666 -2.749999999999989 -4.083333333333324 -5.416666666666656
7.916666666666662 21.08333333333334 11.75 10.41666666666666 9.083333333333332 7.749999999999997 6.416666666666663 5.083333333333333 3.750000000000008 2.416666666666682 1.083333333333346 -0.2499999999999895
6.583333333333337 11.75000000000001 26.41666666666668 9.083333333333336 7.750000000000003 6.416666666666667 5.083333333333332 3.75 2.416666666666673 1.083333333333348 -0.2499999999999908 -1.583333333333328
5.249999999999999 10.41666666666667 9.083333333333338 31.75 6.41666666666667 5.083333333333335 3.75 2.416666666666668 1.083333333333341 -0.2499999999999839 -1.583333333333322 -2.916666666666655
3.916666666666666 9.083333333333339 7.750000000000005 6.416666666666669 37.08333333333334 3.749999999999998 2.416666666666664 1.083333333333331 -0.2499999999999955 -1.583333333333321 -2.916666666666655 -4.24999999999999
2.583333333333333 7.750000000000004 6.416666666666669 5.083333333333335 3.749999999999999 42.41666666666667 1.083333333333329 -0.2499999999999999 -1.583333333333325 -2.916666666666654 -4.249999999999992 -5.583333333333325
1.249999999999994 6.416666666666666 5.08333333333333 3.749999999999996 2.416666666666661 1.083333333333326 47.75 -1.583333333333337 -2.916666666666664 -4.249999999999989 -5.58333333333332 -6.916666666666653
-0.08333333333333054 5.083333333333338 3.750000000000004 2.416666666666669 1.083333333333333 -0.2499999999999966 -1.583333333333329 53.08333333333334 -4.250000000000002 -5.583333333333329 -6.916666666666663 -8.249999999999995
-1.416666666666663 3.750000000000001 2.416666666666667 1.083333333333333 -0.2500000000000011 -1.58333333333333 -2.916666666666664 -4.250000000000007 58.41666666666667 -6.916666666666663 -8.250000000000002 -9.583333333333334
-2.749999999999999 2.416666666666665 1.083333333333332 -0.2500000000000008 -1.583333333333333 -2.916666666666665 -4.249999999999994 -5.583333333333338 -6.916666666666666 63.74999999999999 -9.583333333333332 -10.91666666666667
-4.083333333333333 1.083333333333331 -0.2500000000000026 -1.583333333333336 -2.916666666666668 -4.250000000000002 -5.583333333333329 -6.91666666666667 -8.250000000000004 -9.583333333333332 69.08333333333333 -12.25
-5.416666666666667 -0.2500000000000037 -1.583333333333338 -2.91666666666667 -4.250000000000002 -5.583333333333336 -6.916666666666663 -8.250000000000005 -9.583333333333338 -10.91666666666667 -12.25 74.41666666666667
