60.49999999999999 4.16666666666667 2.833333333333338 1.499999999999999 0.1666666666666674 -1.166666666666667 -2.500000000000002 -3.833333333333335 -5.166666666666658 -6.499999999999987 -7.833333333333322 -9.166666666666654
4.166666666666656 21.83333333333334 12.5 11.16666666666667 9.833333333333334 8.499999999999998 7.166666666666665 5.833333333333334 4.500000000000009 3.166666666666682 1.833333333333346 0.5000000000000106
2.833333333333334 12.50000000000001 27.16666666666668 9.833333333333336 8.500000000000004 7.166666666666667 5.833333333333333 4.5 3.166666666666674 1.833333333333349 0.5000000000000089 -0.8333333333333275
1.499999999999994 11.16666666666668 9.833333333333339 32.5 7.166666666666671 5.833333333333337 4.500000000000002 3.16666666666667 1.833333333333342 0.5000000000000179 -0.8333333333333196 -2.166666666666653
0.1666666666666635 9.833333333333339 8.500000000000005 7.166666666666671 37.83333333333334 4.499999999999999 3.166666666666665 1.833333333333332 0.5000000000000052 -0.8333333333333196 -2.166666666666654 -3.499999999999989
-1.166666666666669 8.500000000000004 7.16666666666667 5.833333333333335 4.499999999999999 43.16666666666667 1.833333333333329 0.4999999999999992 -0.8333333333333258 -2.166666666666654 -3.499999999999993 -4.833333333333325
-2.50000000000001 7.166666666666666 5.833333333333331 4.499999999999996 3.166666666666662 1.833333333333326 48.5 -0.833333333333336 -2.166666666666664 -3.499999999999989 -4.833333333333321 -6.166666666666653
-3.833333333333334 5.833333333333339 4.500000000000004 3.16666666666667 1.833333333333334 0.5000000000000033 -0.8333333333333288 53.83333333333334 -3.500000000000001 -4.833333333333329 -6.166666666666663 -7.499999999999995
-5.166666666666664 4.500000000000001 3.166666666666666 1.833333333333334 0.499999999999999 -0.8333333333333315 -2.166666666666664 -3.500000000000007 59.16666666666667 -6.166666666666663 -7.500000000000002 -8.833333333333334
-6.499999999999998 3.166666666666665 1.833333333333332 0.4999999999999992 -0.8333333333333347 -2.166666666666666 -3.499999999999996 -4.833333333333337 -6.166666666666668 64.49999999999999 -8.833333333333334 -10.16666666666667
-7.833333333333334 1.833333333333331 0.4999999999999972 -0.8333333333333347 -2.166666666666667 -3.500000000000001 -4.833333333333329 -6.16666666666667 -7.500000000000004 -8.833333333333332 69.83333333333333 -11.5
-9.166666666666668 0.4999999999999963 -0.8333333333333377 -2.166666666666668 -3.500000000000002 -4.833333333333335 -6.166666666666663 -7.500000000000004 -8.833333333333339 -10.16666666666667 -11.5 75.16666666666667
