53.55555555555556 5.555555555555557 4.222222222222223 2.888888888888886 1.555555555555553 0.2222222222222192 -1.111111111111113 -2.444444444444446 -3.777777777777772 -5.111111111111099 -6.444444444444435 -7.777777777777767
5.555555555555546 21.55555555555556 12.22222222222223 10.88888888888889 9.555555555555555 8.22222222222222 6.888888888888887 5.555555555555556 4.222222222222231 2.888888888888905 1.555555555555569 0.2222222222222338
4.222222222222224 12.22222222222223 26.8888888888889 9.555555555555557 8.222222222222225 6.888888888888888 5.555555555555555 4.222222222222222 2.888888888888895 1.55555555555557 0.2222222222222306 -1.111111111111106
2.888888888888884 10.8888888888889 9.555555555555561 32.22222222222222 6.888888888888893 5.555555555555558 4.222222222222223 2.888888888888891 1.555555555555565 0.2222222222222393 -1.111111111111098 -2.444444444444432
1.555555555555555 9.555555555555563 8.222222222222227 6.888888888888892 37.55555555555556 4.222222222222221 2.888888888888888 1.555555555555554 0.2222222222222269 -1.111111111111098 -2.444444444444433 -3.777777777777768
0.2222222222222198 8.222222222222227 6.888888888888892 5.555555555555557 4.222222222222221 42.88888888888889 1.555555555555552 0.2222222222222215 -1.111111111111103 -2.444444444444431 -3.777777777777769 -5.111111111111102
-1.11111111111112 6.888888888888888 5.555555555555554 4.222222222222219 2.888888888888884 1.555555555555549 48.22222222222223 -1.111111111111113 -2.444444444444442 -3.777777777777766 -5.111111111111098 -6.44444444444443
-2.444444444444443 5.555555555555561 4.222222222222228 2.888888888888892 1.555555555555556 0.2222222222222248 -1.111111111111106 53.55555555555556 -3.77777777777778 -5.111111111111105 -6.444444444444441 -7.777777777777772
-3.777777777777775 4.222222222222223 2.888888888888888 1.555555555555556 0.2222222222222213 -1.111111111111109 -2.444444444444441 -3.777777777777784 58.88888888888889 -6.444444444444441 -7.77777777777778 -9.111111111111113
-5.111111111111108 2.888888888888888 1.555555555555554 0.2222222222222215 -1.111111111111112 -2.444444444444442 -3.777777777777773 -5.111111111111113 -6.444444444444445 64.22222222222221 -9.111111111111109 -10.44444444444444
-6.444444444444445 1.555555555555555 0.2222222222222189 -1.111111111111113 -2.444444444444446 -3.77777777777778 -5.111111111111106 -6.444444444444448 -7.77777777777778 -9.111111111111109 69.55555555555556 -11.77777777777778
-7.77777777777778 0.2222222222222177 -1.111111111111116 -2.444444444444448 -3.77777777777778 -5.111111111111113 -6.444444444444441 -7.777777777777782 -9.111111111111116 -10.44444444444445 -11.77777777777778 74.88888888888889
