17.44444444444445 12.77777777777778 11.44444444444445 10.11111111111111 8.777777777777775 7.444444444444443 6.111111111111108 4.777777777777776 3.444444444444451 2.111111111111123 0.7777777777777875 -0.5555555555555448
12.77777777777778 20.11111111111111 10.77777777777778 9.444444444444441 8.111111111111109 6.777777777777774 5.444444444444439 4.111111111111109 2.777777777777785 1.444444444444458 0.1111111111111227 -1.222222222222213
11.44444444444445 10.77777777777778 25.44444444444445 8.111111111111113 6.77777777777778 5.444444444444444 4.111111111111109 2.777777777777776 1.44444444444445 0.1111111111111261 -1.222222222222213 -2.555555555555549
10.11111111111112 9.44444444444445 8.111111111111114 30.77777777777778 5.444444444444446 4.111111111111111 2.777777777777776 1.444444444444444 0.1111111111111171 -1.222222222222208 -2.555555555555546 -3.88888888888888
8.777777777777782 8.111111111111116 6.777777777777782 5.444444444444446 36.11111111111111 2.777777777777775 1.444444444444442 0.1111111111111082 -1.222222222222219 -2.555555555555544 -3.888888888888878 -5.222222222222213
7.444444444444448 6.777777777777781 5.444444444444446 4.111111111111112 2.777777777777776 41.44444444444445 0.1111111111111055 -1.222222222222225 -2.555555555555549 -3.888888888888878 -5.222222222222215 -6.555555555555548
6.11111111111111 5.444444444444442 4.111111111111107 2.777777777777772 1.444444444444438 0.1111111111111015 46.77777777777778 -2.55555555555556 -3.888888888888887 -5.222222222222212 -6.555555555555545 -7.888888888888876
4.777777777777782 4.111111111111117 2.777777777777782 1.444444444444446 0.1111111111111106 -1.22222222222222 -2.555555555555551 52.11111111111111 -5.222222222222225 -6.555555555555552 -7.888888888888886 -9.222222222222218
3.444444444444445 2.777777777777778 1.444444444444444 0.1111111111111114 -1.222222222222223 -2.555555555555553 -3.888888888888885 -5.222222222222229 57.44444444444445 -7.888888888888884 -9.222222222222223 -10.55555555555556
2.111111111111109 1.444444444444443 0.1111111111111091 -1.222222222222223 -2.555555555555556 -3.888888888888887 -5.222222222222217 -6.555555555555557 -7.888888888888888 62.77777777777776 -10.55555555555555 -11.88888888888889
0.7777777777777758 0.1111111111111082 -1.222222222222225 -2.555555555555558 -3.888888888888891 -5.222222222222223 -6.555555555555552 -7.888888888888891 -9.222222222222225 -10.55555555555555 68.11111111111111 -13.22222222222222
-0.5555555555555591 -1.222222222222225 -2.555555555555559 -3.888888888888891 -5.222222222222224 -6.555555555555558 -7.888888888888886 -9.222222222222227 -10.55555555555556 -11.88888888888889 -13.22222222222222 73.44444444444444
