57.72222222222222 4.722222222222223 3.388888888888891 2.055555555555554 0.7222222222222208 -0.6111111111111129 -1.944444444444448 -3.27777777777778 -4.611111111111105 -5.944444444444433 -7.277777777777769 -8.6111111111111
4.722222222222212 21.72222222222222 12.38888888888889 11.05555555555555 9.722222222222223 8.388888888888886 7.055555555555554 5.722222222222223 4.388888888888898 3.055555555555571 1.722222222222235 0.3888888888888998
3.38888888888889 12.3888888888889 27.05555555555556 9.722222222222225 8.388888888888893 7.055555555555555 5.722222222222221 4.388888888888889 3.055555555555562 1.722222222222237 0.3888888888888984 -0.9444444444444382
2.055555555555549 11.05555555555556 9.722222222222229 32.38888888888889 7.05555555555556 5.722222222222225 4.38888888888889 3.055555555555558 1.722222222222231 0.3888888888889063 -0.9444444444444312 -2.277777777777766
0.7222222222222204 9.722222222222229 8.388888888888895 7.055555555555559 37.72222222222223 4.388888888888888 3.055555555555555 1.722222222222221 0.3888888888888938 -0.9444444444444312 -2.277777777777766 -3.611111111111101
-0.6111111111111124 8.388888888888893 7.055555555555559 5.722222222222224 4.388888888888888 43.05555555555556 1.722222222222218 0.3888888888888894 -0.9444444444444365 -2.277777777777765 -3.611111111111103 -4.944444444444436
-1.944444444444453 7.055555555555555 5.722222222222221 4.388888888888886 3.055555555555551 1.722222222222215 48.38888888888889 -0.9444444444444468 -2.277777777777775 -3.6111111111111 -4.944444444444431 -6.277777777777764
-3.277777777777777 5.722222222222228 4.388888888888894 3.055555555555559 1.722222222222223 0.3888888888888927 -0.9444444444444395 53.72222222222223 -3.611111111111112 -4.944444444444439 -6.277777777777773 -7.611111111111105
-4.611111111111107 4.388888888888889 3.055555555555555 1.722222222222222 0.3888888888888873 -0.9444444444444431 -2.277777777777775 -3.611111111111117 59.05555555555556 -6.277777777777775 -7.611111111111114 -8.944444444444446
-5.944444444444443 3.055555555555554 1.722222222222221 0.3888888888888876 -0.9444444444444454 -2.277777777777776 -3.611111111111107 -4.944444444444447 -6.277777777777779 64.38888888888887 -8.944444444444443 -10.27777777777778
-7.277777777777779 1.722222222222221 0.388888888888885 -0.9444444444444463 -2.277777777777779 -3.611111111111113 -4.94444444444444 -6.277777777777782 -7.611111111111114 -8.944444444444443 69.72222222222221 -11.61111111111111
-8.611111111111113 0.3888888888888856 -0.9444444444444502 -2.27777777777778 -3.611111111111114 -4.944444444444446 -6.277777777777775 -7.611111111111116 -8.94444444444445 -10.27777777777778 -11.61111111111111 75.05555555555556
