52.16666666666666 5.833333333333336 4.500000000000002 3.166666666666664 1.833333333333332 0.4999999999999976 -0.8333333333333344 -2.166666666666668 -3.499999999999994 -4.833333333333321 -6.166666666666656 -7.499999999999989
5.833333333333324 21.5 12.16666666666667 10.83333333333333 9.5 8.166666666666664 6.833333333333331 5.5 4.166666666666675 2.833333333333348 1.500000000000012 0.1666666666666766
4.500000000000003 12.16666666666667 26.83333333333334 9.500000000000002 8.16666666666667 6.833333333333333 5.499999999999999 4.166666666666667 2.833333333333339 1.500000000000015 0.1666666666666752 -1.166666666666661
3.166666666666661 10.83333333333334 9.500000000000005 32.16666666666666 6.833333333333337 5.500000000000002 4.166666666666667 2.833333333333335 1.500000000000008 0.166666666666684 -1.166666666666653 -2.499999999999987
1.833333333333331 9.500000000000007 8.166666666666671 6.833333333333337 37.5 4.166666666666666 2.833333333333332 1.499999999999998 0.1666666666666715 -1.166666666666653 -2.499999999999988 -3.833333333333323
0.4999999999999966 8.16666666666667 6.833333333333337 5.500000000000002 4.166666666666666 42.83333333333334 1.499999999999995 0.1666666666666662 -1.166666666666659 -2.499999999999987 -3.833333333333326 -5.166666666666658
-0.8333333333333431 6.833333333333333 5.499999999999997 4.166666666666663 2.833333333333328 1.499999999999992 48.16666666666667 -1.166666666666668 -2.499999999999998 -3.833333333333321 -5.166666666666654 -6.499999999999986
-2.166666666666665 5.500000000000005 4.166666666666671 2.833333333333336 1.5 0.1666666666666695 -1.166666666666661 53.50000000000001 -3.833333333333335 -5.166666666666661 -6.499999999999996 -7.833333333333328
-3.499999999999998 4.166666666666667 2.833333333333332 1.5 0.166666666666665 -1.166666666666665 -2.499999999999998 -3.833333333333341 58.83333333333334 -6.499999999999996 -7.833333333333336 -9.166666666666668
-4.83333333333333 2.833333333333331 1.499999999999998 0.1666666666666653 -1.166666666666668 -2.499999999999998 -3.833333333333328 -5.166666666666671 -6.5 64.16666666666666 -9.166666666666666 -10.5
-6.166666666666666 1.499999999999997 0.1666666666666635 -1.166666666666669 -2.500000000000001 -3.833333333333335 -5.166666666666663 -6.500000000000004 -7.833333333333338 -9.166666666666666 69.5 -11.83333333333333
-7.500000000000001 0.1666666666666624 -1.166666666666672 -2.500000000000004 -3.833333333333336 -5.166666666666669 -6.499999999999997 -7.833333333333338 -9.166666666666671 -10.5 -11.83333333333333 74.83333333333333
