68.83333333333334 2.500000000000002 1.166666666666669 -0.1666666666666683 -1.500000000000001 -2.833333333333338 -4.166666666666671 -5.500000000000003 -6.833333333333328 -8.166666666666655 -9.499999999999991 -10.83333333333332
2.499999999999987 22.16666666666667 12.83333333333334 11.5 10.16666666666667 8.833333333333332 7.499999999999998 6.166666666666668 4.833333333333343 3.500000000000016 2.16666666666668 0.8333333333333445
1.16666666666667 12.83333333333334 27.50000000000001 10.16666666666667 8.833333333333338 7.5 6.166666666666666 4.833333333333334 3.500000000000008 2.166666666666683 0.8333333333333428 -0.4999999999999936
-0.1666666666666757 11.50000000000001 10.16666666666667 32.83333333333334 7.500000000000005 6.166666666666671 4.833333333333336 3.500000000000003 2.166666666666676 0.8333333333333514 -0.4999999999999866 -1.833333333333321
-1.500000000000004 10.16666666666667 8.833333333333339 7.500000000000004 38.16666666666667 4.833333333333333 3.499999999999999 2.166666666666665 0.8333333333333383 -0.4999999999999866 -1.833333333333321 -3.166666666666657
-2.83333333333334 8.833333333333338 7.500000000000004 6.166666666666668 4.833333333333333 43.50000000000001 2.166666666666663 0.8333333333333332 -0.4999999999999919 -1.83333333333332 -3.166666666666659 -4.499999999999991
-4.166666666666679 7.500000000000001 6.166666666666665 4.83333333333333 3.499999999999996 2.166666666666659 48.83333333333334 -0.5000000000000021 -1.83333333333333 -3.166666666666655 -4.499999999999986 -5.833333333333318
-5.5 6.166666666666672 4.833333333333338 3.500000000000003 2.166666666666667 0.8333333333333368 -0.4999999999999948 54.16666666666667 -3.166666666666667 -4.499999999999995 -5.833333333333329 -7.166666666666661
-6.83333333333333 4.833333333333334 3.5 2.166666666666667 0.8333333333333315 -0.4999999999999984 -1.83333333333333 -3.166666666666673 59.5 -5.83333333333333 -7.16666666666667 -8.500000000000002
-8.166666666666663 3.499999999999996 2.166666666666665 0.8333333333333314 -0.5000000000000017 -1.833333333333332 -3.166666666666663 -4.500000000000003 -5.833333333333334 64.83333333333331 -8.5 -9.833333333333334
-9.499999999999998 2.166666666666663 0.8333333333333312 -0.5000000000000026 -1.833333333333334 -3.166666666666668 -4.499999999999996 -5.833333333333338 -7.16666666666667 -8.499999999999998 70.16666666666666 -11.16666666666667
-10.83333333333333 0.8333333333333302 -0.5000000000000038 -1.833333333333338 -3.16666666666667 -4.500000000000002 -5.83333333333333 -7.166666666666671 -8.500000000000005 -9.833333333333334 -11.16666666666667 75.5
