36.88888888888889 8.888888888888891 7.555555555555559 6.22222222222222 4.888888888888887 3.555555555555554 2.22222222222222 0.8888888888888877 -0.4444444444444371 -1.777777777777766 -3.111111111111102 -4.444444444444434
8.888888888888884 20.88888888888889 11.55555555555556 10.22222222222222 8.888888888888888 7.555555555555553 6.222222222222219 4.888888888888888 3.555555555555563 2.222222222222237 0.8888888888889013 -0.4444444444444341
7.555555555555559 11.55555555555556 26.22222222222223 8.888888888888891 7.555555555555558 6.222222222222222 4.888888888888888 3.555555555555555 2.222222222222228 0.8888888888889033 -0.4444444444444355 -1.777777777777772
6.222222222222222 10.22222222222223 8.888888888888893 31.55555555555555 6.222222222222225 4.88888888888889 3.555555555555555 2.222222222222224 0.8888888888888965 -0.4444444444444285 -1.777777777777766 -3.1111111111111
4.888888888888889 8.888888888888895 7.555555555555561 6.222222222222224 36.88888888888889 3.555555555555554 2.22222222222222 0.8888888888888865 -0.4444444444444401 -1.777777777777766 -3.1111111111111 -4.444444444444435
3.555555555555556 7.555555555555559 6.222222222222223 4.88888888888889 3.555555555555555 42.22222222222223 0.8888888888888841 -0.4444444444444445 -1.77777777777777 -3.111111111111099 -4.444444444444437 -5.77777777777777
2.222222222222217 6.222222222222221 4.888888888888886 3.555555555555551 2.222222222222217 0.888888888888881 47.55555555555556 -1.777777777777782 -3.111111111111109 -4.444444444444433 -5.777777777777764 -7.111111111111097
0.8888888888888922 4.888888888888894 3.555555555555559 2.222222222222225 0.8888888888888886 -0.4444444444444413 -1.777777777777774 52.88888888888889 -4.444444444444446 -5.777777777777773 -7.111111111111107 -8.444444444444439
-0.4444444444444421 3.555555555555556 2.222222222222222 0.8888888888888886 -0.4444444444444457 -1.777777777777775 -3.111111111111109 -4.444444444444452 58.22222222222223 -7.111111111111107 -8.444444444444446 -9.777777777777779
-1.777777777777777 2.222222222222221 0.8888888888888876 -0.4444444444444454 -1.777777777777778 -3.111111111111109 -4.44444444444444 -5.777777777777782 -7.111111111111111 63.55555555555554 -9.777777777777777 -11.11111111111111
-3.111111111111112 0.8888888888888865 -0.4444444444444472 -1.77777777777778 -3.111111111111113 -4.444444444444446 -5.777777777777773 -7.111111111111114 -8.444444444444448 -9.777777777777777 68.88888888888889 -12.44444444444445
-4.444444444444446 -0.4444444444444484 -1.777777777777782 -3.111111111111114 -4.444444444444446 -5.77777777777778 -7.111111111111108 -8.44444444444445 -9.777777777777782 -11.11111111111111 -12.44444444444445 74.22222222222223
