66.75 2.91666666666667 1.583333333333337 0.2499999999999995 -1.083333333333333 -2.41666666666667 -3.750000000000003 -5.083333333333335 -6.41666666666666 -7.749999999999987 -9.083333333333323 -10.41666666666665
2.916666666666655 22.08333333333334 12.75000000000001 11.41666666666667 10.08333333333333 8.749999999999998 7.416666666666665 6.083333333333335 4.75000000000001 3.416666666666683 2.083333333333348 0.7500000000000123
1.583333333333336 12.75000000000001 27.41666666666668 10.08333333333334 8.750000000000004 7.416666666666666 6.083333333333332 4.75 3.416666666666674 2.083333333333349 0.7500000000000089 -0.5833333333333275
0.2499999999999921 11.41666666666668 10.08333333333334 32.75 7.416666666666671 6.083333333333337 4.750000000000002 3.41666666666667 2.083333333333343 0.7500000000000183 -0.5833333333333187 -1.916666666666653
-1.083333333333336 10.08333333333334 8.750000000000005 7.416666666666671 38.08333333333334 4.75 3.416666666666666 2.083333333333332 0.7500000000000052 -0.5833333333333196 -1.916666666666654 -3.249999999999989
-2.416666666666674 8.750000000000005 7.41666666666667 6.083333333333335 4.75 43.41666666666667 2.08333333333333 0.7500000000000001 -0.5833333333333249 -1.916666666666653 -3.249999999999992 -4.583333333333324
-3.750000000000014 7.416666666666667 6.083333333333331 4.749999999999997 3.416666666666663 2.083333333333326 48.75 -0.5833333333333343 -1.916666666666664 -3.249999999999988 -4.583333333333319 -5.916666666666651
-5.083333333333334 6.083333333333339 4.750000000000004 3.41666666666667 2.083333333333334 0.7500000000000029 -0.5833333333333288 54.08333333333334 -3.25 -4.583333333333329 -5.916666666666663 -7.249999999999995
-6.416666666666664 4.75 3.416666666666666 2.083333333333334 0.7499999999999985 -0.5833333333333315 -1.916666666666664 -3.250000000000007 59.41666666666667 -5.916666666666663 -7.250000000000002 -8.583333333333334
-7.749999999999995 3.416666666666665 2.083333333333332 0.7499999999999992 -0.5833333333333347 -1.916666666666665 -3.249999999999996 -4.583333333333337 -5.916666666666668 64.74999999999999 -8.583333333333334 -9.916666666666668
-9.08333333333333 2.083333333333331 0.7499999999999972 -0.5833333333333347 -1.916666666666668 -3.250000000000002 -4.58333333333333 -5.916666666666671 -7.250000000000004 -8.583333333333332 70.08333333333333 -11.25
-10.41666666666667 0.7499999999999962 -0.5833333333333377 -1.91666666666667 -3.250000000000002 -4.583333333333336 -5.916666666666663 -7.250000000000005 -8.583333333333339 -9.916666666666668 -11.25 75.41666666666667
