40.36111111111111 8.194444444444446 6.861111111111114 5.527777777777775 4.194444444444443 2.861111111111109 1.527777777777776 0.1944444444444424 -1.138888888888882 -2.472222222222211 -3.805555555555547 -5.138888888888879
8.194444444444438 21.02777777777778 11.69444444444445 10.36111111111111 9.027777777777777 7.694444444444442 6.361111111111108 5.027777777777778 3.694444444444452 2.361111111111126 1.027777777777791 -0.3055555555555448
6.861111111111113 11.69444444444445 26.36111111111112 9.02777777777778 7.694444444444447 6.361111111111112 5.027777777777777 3.694444444444444 2.361111111111117 1.027777777777793 -0.3055555555555462 -1.638888888888883
5.527777777777778 10.36111111111112 9.027777777777782 31.69444444444444 6.361111111111114 5.02777777777778 3.694444444444444 2.361111111111113 1.027777777777786 -0.3055555555555393 -1.638888888888877 -2.97222222222221
4.194444444444445 9.027777777777784 7.69444444444445 6.361111111111113 37.02777777777778 3.694444444444443 2.361111111111109 1.027777777777776 -0.3055555555555508 -1.638888888888876 -2.97222222222221 -4.305555555555546
2.861111111111111 7.694444444444448 6.361111111111113 5.027777777777779 3.694444444444444 42.36111111111111 1.027777777777774 -0.305555555555557 -1.638888888888881 -2.972222222222209 -4.305555555555547 -5.63888888888888
1.527777777777772 6.36111111111111 5.027777777777775 3.69444444444444 2.361111111111105 1.02777777777777 47.69444444444445 -1.638888888888892 -2.972222222222219 -4.305555555555544 -5.638888888888875 -6.972222222222208
0.1944444444444463 5.027777777777783 3.694444444444449 2.361111111111114 1.027777777777778 -0.3055555555555538 -1.638888888888885 53.02777777777778 -4.305555555555557 -5.638888888888884 -6.972222222222218 -8.30555555555555
-1.138888888888887 3.694444444444445 2.361111111111111 1.027777777777778 -0.3055555555555564 -1.638888888888887 -2.972222222222219 -4.305555555555563 58.36111111111111 -6.972222222222218 -8.305555555555557 -9.638888888888889
-2.47222222222222 2.36111111111111 1.027777777777777 -0.3055555555555561 -1.638888888888889 -2.97222222222222 -4.305555555555549 -5.638888888888893 -6.972222222222221 63.69444444444443 -9.638888888888888 -10.97222222222222
-3.805555555555557 1.027777777777776 -0.3055555555555579 -1.638888888888891 -2.972222222222224 -4.305555555555557 -5.638888888888884 -6.972222222222225 -8.305555555555559 -9.638888888888888 69.02777777777777 -12.30555555555556
-5.13888888888889 -0.3055555555555591 -1.638888888888893 -2.972222222222225 -4.305555555555558 -5.638888888888891 -6.972222222222219 -8.305555555555561 -9.638888888888893 -10.97222222222222 -12.30555555555556 74.36111111111111
