26.47222222222223 10.97222222222222 9.638888888888891 8.305555555555554 6.972222222222221 5.638888888888887 4.305555555555554 2.972222222222221 1.638888888888897 0.3055555555555682 -1.027777777777768 -2.3611111111111
10.97222222222222 20.47222222222222 11.13888888888889 9.805555555555554 8.47222222222222 7.138888888888886 5.805555555555551 4.472222222222221 3.138888888888896 1.80555555555557 0.4722222222222352 -0.8611111111111002
9.638888888888895 11.1388888888889 25.80555555555556 8.472222222222223 7.138888888888891 5.805555555555555 4.472222222222221 3.138888888888888 1.805555555555561 0.4722222222222368 -0.8611111111111025 -2.194444444444438
8.305555555555559 9.805555555555561 8.472222222222225 31.13888888888889 5.805555555555558 4.472222222222223 3.138888888888888 1.805555555555557 0.4722222222222295 -0.8611111111110955 -2.194444444444434 -3.527777777777768
6.972222222222225 8.472222222222227 7.138888888888894 5.805555555555557 36.47222222222223 3.138888888888888 1.805555555555553 0.4722222222222196 -0.8611111111111071 -2.194444444444433 -3.527777777777767 -4.861111111111102
5.638888888888891 7.138888888888893 5.805555555555557 4.472222222222223 3.138888888888888 41.80555555555556 0.4722222222222162 -0.8611111111111124 -2.194444444444438 -3.527777777777766 -4.861111111111104 -6.194444444444437
4.305555555555552 5.805555555555555 4.472222222222219 3.138888888888884 1.805555555555549 0.4722222222222131 47.13888888888889 -2.194444444444448 -3.527777777777776 -4.861111111111101 -6.194444444444432 -7.527777777777764
2.972222222222226 4.472222222222227 3.138888888888892 1.805555555555558 0.4722222222222222 -0.8611111111111092 -2.19444444444444 52.47222222222223 -4.861111111111114 -6.194444444444439 -7.527777777777775 -8.861111111111105
1.63888888888889 3.138888888888889 1.805555555555556 0.472222222222223 -0.8611111111111127 -2.194444444444442 -3.527777777777775 -4.861111111111118 57.80555555555556 -7.527777777777773 -8.861111111111113 -10.19444444444445
0.3055555555555537 1.805555555555554 0.4722222222222207 -0.8611111111111115 -2.194444444444444 -3.527777777777776 -4.861111111111106 -6.194444444444448 -7.527777777777777 63.13888888888887 -10.19444444444444 -11.52777777777778
-1.027777777777779 0.4722222222222204 -0.8611111111111133 -2.194444444444447 -3.527777777777779 -4.861111111111113 -6.194444444444441 -7.52777777777778 -8.861111111111114 -10.19444444444444 68.47222222222221 -12.86111111111111
-2.361111111111113 -0.8611111111111145 -2.194444444444448 -3.52777777777778 -4.861111111111113 -6.194444444444446 -7.527777777777774 -8.861111111111116 -10.19444444444445 -11.52777777777778 -12.86111111111111 73.80555555555556
