24.38888888888889 11.38888888888889 10.05555555555556 8.72222222222222 7.388888888888888 6.055555555555553 4.722222222222219 3.388888888888888 2.055555555555563 0.7222222222222345 -0.6111111111111018 -1.944444444444434
11.38888888888889 20.38888888888889 11.05555555555556 9.72222222222222 8.388888888888888 7.055555555555552 5.722222222222217 4.388888888888888 3.055555555555563 1.722222222222236 0.3888888888889013 -0.9444444444444341
10.05555555555556 11.05555555555556 25.72222222222223 8.388888888888889 7.055555555555558 5.722222222222222 4.388888888888888 3.055555555555555 1.722222222222229 0.3888888888889038 -0.9444444444444355 -2.277777777777772
8.722222222222225 9.722222222222229 8.388888888888893 31.05555555555555 5.722222222222224 4.388888888888889 3.055555555555555 1.722222222222223 0.3888888888888956 -0.9444444444444285 -2.277777777777767 -3.6111111111111
7.388888888888893 8.388888888888895 7.05555555555556 5.722222222222223 36.38888888888889 3.055555555555554 1.722222222222219 0.3888888888888867 -0.944444444444441 -2.277777777777767 -3.6111111111111 -4.944444444444435
6.055555555555557 7.055555555555559 5.722222222222224 4.388888888888889 3.055555555555554 41.72222222222223 0.3888888888888823 -0.9444444444444463 -2.27777777777777 -3.6111111111111 -4.944444444444437 -6.277777777777771
4.72222222222222 5.722222222222221 4.388888888888886 3.055555555555551 1.722222222222215 0.3888888888888801 47.05555555555556 -2.277777777777782 -3.61111111111111 -4.944444444444433 -6.277777777777766 -7.611111111111098
3.388888888888893 4.388888888888895 3.055555555555559 1.722222222222225 0.3888888888888891 -0.9444444444444431 -2.277777777777774 52.38888888888889 -4.944444444444446 -6.277777777777773 -7.611111111111107 -8.944444444444439
2.055555555555556 3.055555555555555 1.722222222222222 0.3888888888888891 -0.9444444444444458 -2.277777777777775 -3.611111111111109 -4.94444444444445 57.72222222222223 -7.611111111111107 -8.944444444444446 -10.27777777777778
0.7222222222222207 1.722222222222221 0.3888888888888876 -0.9444444444444445 -2.277777777777778 -3.611111111111109 -4.944444444444438 -6.27777777777778 -7.611111111111111 63.05555555555554 -10.27777777777778 -11.61111111111111
-0.6111111111111133 0.3888888888888867 -0.9444444444444472 -2.27777777777778 -3.611111111111113 -4.944444444444446 -6.277777777777773 -7.611111111111114 -8.944444444444448 -10.27777777777778 68.38888888888889 -12.94444444444444
-1.944444444444448 -0.9444444444444484 -2.277777777777782 -3.611111111111114 -4.944444444444446 -6.27777777777778 -7.611111111111108 -8.944444444444448 -10.27777777777778 -11.61111111111111 -12.94444444444444 73.72222222222223
