63.27777777777777 3.611111111111113 2.277777777777781 0.9444444444444422 -0.3888888888888897 -1.722222222222225 -3.055555555555559 -4.388888888888892 -5.722222222222215 -7.055555555555544 -8.38888888888888 -9.722222222222211
3.611111111111099 21.94444444444445 12.61111111111111 11.27777777777778 9.944444444444445 8.611111111111109 7.277777777777776 5.944444444444446 4.611111111111121 3.277777777777794 1.944444444444458 0.611111111111123
2.27777777777778 12.61111111111112 27.27777777777779 9.944444444444446 8.611111111111114 7.277777777777778 5.944444444444444 4.611111111111111 3.277777777777784 1.94444444444446 0.6111111111111196 -0.7222222222222168
0.9444444444444368 11.27777777777779 9.944444444444452 32.61111111111111 7.277777777777782 5.944444444444447 4.611111111111113 3.27777777777778 1.944444444444454 0.6111111111111295 -0.722222222222208 -2.055555555555543
-0.3888888888888918 9.944444444444452 8.611111111111116 7.277777777777781 37.94444444444445 4.611111111111111 3.277777777777777 1.944444444444443 0.6111111111111159 -0.7222222222222089 -2.055555555555543 -3.388888888888878
-1.722222222222227 8.611111111111116 7.277777777777781 5.944444444444446 4.611111111111111 43.27777777777779 1.94444444444444 0.6111111111111108 -0.7222222222222142 -2.055555555555543 -3.388888888888881 -4.722222222222213
-3.055555555555567 7.277777777777778 5.944444444444443 4.611111111111108 3.277777777777773 1.944444444444438 48.61111111111111 -0.7222222222222235 -2.055555555555553 -3.388888888888876 -4.722222222222209 -6.055555555555541
-4.388888888888888 5.94444444444445 4.611111111111116 3.277777777777781 1.944444444444445 0.6111111111111149 -0.7222222222222163 53.94444444444445 -3.388888888888891 -4.722222222222216 -6.055555555555552 -7.388888888888883
-5.722222222222221 4.611111111111112 3.277777777777777 1.944444444444445 0.6111111111111096 -0.7222222222222208 -2.055555555555553 -3.388888888888896 59.27777777777778 -6.055555555555552 -7.388888888888891 -8.722222222222223
-7.055555555555554 3.277777777777776 1.944444444444442 0.6111111111111099 -0.722222222222224 -2.055555555555554 -3.388888888888884 -4.722222222222226 -6.055555555555555 64.6111111111111 -8.722222222222221 -10.05555555555556
-8.388888888888889 1.944444444444442 0.6111111111111079 -0.722222222222224 -2.055555555555557 -3.388888888888891 -4.722222222222218 -6.055555555555559 -7.388888888888893 -8.722222222222221 69.94444444444444 -11.38888888888889
-9.722222222222225 0.6111111111111069 -0.722222222222227 -2.055555555555559 -3.388888888888891 -4.722222222222224 -6.055555555555553 -7.388888888888894 -8.722222222222229 -10.05555555555556 -11.38888888888889 75.27777777777777
