43.13888888888889 7.638888888888892 6.305555555555558 4.97222222222222 3.638888888888888 2.305555555555554 0.9722222222222208 -0.3611111111111129 -1.694444444444438 -3.027777777777766 -4.361111111111102 -5.694444444444434
7.638888888888884 21.13888888888889 11.80555555555556 10.47222222222222 9.138888888888889 7.805555555555553 6.47222222222222 5.138888888888888 3.805555555555563 2.472222222222237 1.138888888888901 -0.1944444444444341
6.305555555555559 11.80555555555556 26.47222222222223 9.138888888888891 7.805555555555558 6.472222222222221 5.138888888888888 3.805555555555555 2.472222222222229 1.138888888888904 -0.1944444444444355 -1.527777777777772
4.972222222222221 10.47222222222223 9.138888888888893 31.80555555555555 6.472222222222225 5.13888888888889 3.805555555555555 2.472222222222223 1.138888888888897 -0.1944444444444277 -1.527777777777765 -2.8611111111111
3.638888888888889 9.138888888888895 7.805555555555561 6.472222222222225 37.13888888888889 3.805555555555555 2.472222222222221 1.138888888888887 -0.1944444444444401 -1.527777777777765 -2.861111111111099 -4.194444444444433
2.305555555555554 7.80555555555556 6.472222222222224 5.13888888888889 3.805555555555555 42.47222222222223 1.138888888888884 -0.1944444444444445 -1.52777777777777 -2.861111111111098 -4.194444444444436 -5.527777777777769
0.9722222222222149 6.472222222222221 5.138888888888887 3.805555555555552 2.472222222222217 1.138888888888881 47.80555555555556 -1.527777777777782 -2.861111111111109 -4.194444444444433 -5.527777777777765 -6.861111111111097
-0.3611111111111091 5.138888888888894 3.805555555555559 2.472222222222225 1.138888888888889 -0.1944444444444413 -1.527777777777774 53.13888888888889 -4.194444444444446 -5.527777777777773 -6.861111111111107 -8.194444444444439
-1.694444444444441 3.805555555555556 2.472222222222222 1.138888888888889 -0.1944444444444457 -1.527777777777775 -2.861111111111109 -4.194444444444452 58.47222222222223 -6.861111111111107 -8.194444444444446 -9.527777777777779
-3.027777777777776 2.472222222222221 1.138888888888888 -0.1944444444444454 -1.527777777777778 -2.861111111111109 -4.194444444444438 -5.527777777777781 -6.861111111111111 63.80555555555554 -9.527777777777777 -10.86111111111111
-4.36111111111111 1.138888888888887 -0.1944444444444472 -1.527777777777779 -2.861111111111113 -4.194444444444446 -5.527777777777774 -6.861111111111114 -8.194444444444448 -9.527777777777777 69.13888888888889 -12.19444444444445
-5.694444444444444 -0.1944444444444484 -1.527777777777782 -2.861111111111114 -4.194444444444448 -5.52777777777778 -6.861111111111108 -8.19444444444445 -9.527777777777782 -10.86111111111111 -12.19444444444445 74.47222222222223
