21.61111111111111 11.94444444444445 10.61111111111111 9.277777777777775 7.944444444444444 6.61111111111111 5.277777777777775 3.944444444444444 2.611111111111119 1.27777777777779 -0.0555555555555465 -1.388888888888879
11.94444444444444 20.27777777777778 10.94444444444445 9.611111111111109 8.277777777777775 6.944444444444441 5.611111111111106 4.277777777777776 2.944444444444452 1.611111111111125 0.2777777777777906 -1.055555555555545
10.61111111111112 10.94444444444445 25.61111111111112 8.277777777777779 6.944444444444446 5.611111111111111 4.277777777777776 2.944444444444443 1.611111111111117 0.2777777777777922 -1.055555555555547 -2.388888888888883
9.277777777777782 9.611111111111116 8.27777777777778 30.94444444444444 5.611111111111113 4.277777777777778 2.944444444444443 1.611111111111111 0.277777777777784 -1.055555555555541 -2.388888888888879 -3.722222222222212
7.944444444444448 8.277777777777782 6.944444444444449 5.611111111111113 36.27777777777779 2.944444444444443 1.611111111111108 0.2777777777777742 -1.055555555555552 -2.388888888888877 -3.722222222222211 -5.055555555555547
6.611111111111113 6.944444444444447 5.611111111111113 4.277777777777779 2.944444444444443 41.61111111111111 0.2777777777777716 -1.055555555555557 -2.388888888888883 -3.72222222222221 -5.055555555555548 -6.388888888888881
5.277777777777776 5.61111111111111 4.277777777777774 2.944444444444439 1.611111111111104 0.2777777777777676 46.94444444444444 -2.388888888888892 -3.722222222222221 -5.055555555555546 -6.388888888888877 -7.722222222222209
3.94444444444445 4.277777777777783 2.944444444444448 1.611111111111113 0.2777777777777784 -1.055555555555554 -2.388888888888884 52.27777777777778 -5.055555555555559 -6.388888888888884 -7.722222222222218 -9.05555555555555
2.611111111111112 2.944444444444445 1.611111111111111 0.2777777777777784 -1.055555555555557 -2.388888888888887 -3.722222222222219 -5.055555555555563 57.61111111111111 -7.722222222222218 -9.055555555555557 -10.38888888888889
1.277777777777776 1.61111111111111 0.277777777777776 -1.055555555555556 -2.388888888888889 -3.722222222222221 -5.055555555555551 -6.388888888888891 -7.722222222222221 62.94444444444443 -10.38888888888889 -11.72222222222222
-0.0555555555555579 0.277777777777776 -1.055555555555558 -2.388888888888891 -3.722222222222224 -5.055555555555557 -6.388888888888884 -7.722222222222225 -9.055555555555559 -10.38888888888889 68.27777777777777 -13.05555555555556
-1.388888888888893 -1.055555555555559 -2.388888888888893 -3.722222222222225 -5.055555555555558 -6.388888888888891 -7.722222222222219 -9.055555555555561 -10.38888888888889 -11.72222222222222 -13.05555555555556 73.61111111111111
