65.36111111111111 3.194444444444446 1.861111111111114 0.5277777777777761 -0.8055555555555558 -2.138888888888891 -3.472222222222226 -4.805555555555558 -6.138888888888881 -7.47222222222221 -8.805555555555547 -10.13888888888888
3.194444444444434 22.02777777777778 12.69444444444445 11.36111111111111 10.02777777777778 8.694444444444443 7.361111111111109 6.027777777777779 4.694444444444454 3.361111111111126 2.027777777777791 0.6944444444444552
1.861111111111113 12.69444444444445 27.36111111111112 10.02777777777778 8.694444444444448 7.361111111111111 6.027777777777777 4.694444444444445 3.361111111111118 2.027777777777793 0.6944444444444535 -0.6388888888888828
0.5277777777777707 11.36111111111112 10.02777777777778 32.69444444444444 7.361111111111116 6.027777777777781 4.694444444444446 3.361111111111114 2.027777777777787 0.6944444444444621 -0.6388888888888759 -1.97222222222221
-0.8055555555555597 10.02777777777778 8.69444444444445 7.361111111111115 38.02777777777778 4.694444444444444 3.36111111111111 2.027777777777777 0.6944444444444499 -0.638888888888875 -1.972222222222209 -3.305555555555544
-2.138888888888893 8.694444444444448 7.361111111111114 6.027777777777779 4.694444444444444 43.36111111111111 2.027777777777774 0.6944444444444439 -0.6388888888888812 -1.972222222222209 -3.305555555555548 -4.63888888888888
-3.472222222222233 7.361111111111112 6.027777777777776 4.694444444444441 3.361111111111106 2.02777777777777 48.69444444444445 -0.6388888888888914 -1.972222222222219 -3.305555555555544 -4.638888888888875 -5.972222222222207
-4.805555555555555 6.027777777777784 4.694444444444449 3.361111111111115 2.027777777777779 0.6944444444444475 -0.6388888888888842 54.02777777777778 -3.305555555555556 -4.638888888888884 -5.972222222222218 -7.30555555555555
-6.138888888888888 4.694444444444445 3.361111111111111 2.027777777777778 0.6944444444444431 -0.6388888888888868 -1.972222222222219 -3.305555555555562 59.36111111111111 -5.972222222222218 -7.305555555555557 -8.638888888888889
-7.47222222222222 3.361111111111109 2.027777777777776 0.6944444444444439 -0.6388888888888901 -1.972222222222221 -3.305555555555551 -4.638888888888892 -5.972222222222223 64.69444444444443 -8.638888888888889 -9.972222222222223
-8.805555555555555 2.027777777777776 0.6944444444444419 -0.6388888888888901 -1.972222222222223 -3.305555555555558 -4.638888888888885 -5.972222222222227 -7.305555555555559 -8.638888888888888 70.02777777777777 -11.30555555555556
-10.13888888888889 0.6944444444444409 -0.6388888888888931 -1.972222222222225 -3.305555555555557 -4.638888888888891 -5.972222222222219 -7.305555555555561 -8.638888888888895 -9.972222222222223 -11.30555555555556 75.36111111111111
