30.63888888888889 10.13888888888889 8.805555555555559 7.472222222222221 6.138888888888888 4.805555555555554 3.472222222222221 2.138888888888888 0.8055555555555636 -0.5277777777777648 -1.861111111111101 -3.194444444444432
10.13888888888889 20.63888888888889 11.30555555555556 9.97222222222222 8.638888888888888 7.305555555555553 5.972222222222218 4.638888888888888 3.305555555555563 1.972222222222237 0.6388888888889013 -0.6944444444444341
8.805555555555561 11.30555555555556 25.97222222222223 8.638888888888891 7.305555555555558 5.972222222222222 4.638888888888888 3.305555555555555 1.972222222222228 0.6388888888889037 -0.6944444444444355 -2.027777777777772
7.472222222222224 9.972222222222229 8.638888888888893 31.30555555555555 5.972222222222225 4.63888888888889 3.305555555555555 1.972222222222223 0.6388888888888965 -0.6944444444444285 -2.027777777777767 -3.3611111111111
6.13888888888889 8.638888888888895 7.305555555555561 5.972222222222224 36.63888888888889 3.305555555555554 1.972222222222221 0.6388888888888865 -0.6944444444444401 -2.027777777777766 -3.3611111111111 -4.694444444444435
4.805555555555557 7.305555555555559 5.972222222222224 4.63888888888889 3.305555555555554 41.97222222222223 0.6388888888888841 -0.6944444444444463 -2.02777777777777 -3.3611111111111 -4.694444444444437 -6.02777777777777
3.472222222222218 5.972222222222221 4.638888888888886 3.305555555555551 1.972222222222217 0.638888888888881 47.30555555555556 -2.027777777777782 -3.361111111111109 -4.694444444444433 -6.027777777777766 -7.361111111111097
2.138888888888892 4.638888888888894 3.305555555555559 1.972222222222225 0.6388888888888891 -0.6944444444444431 -2.027777777777774 52.63888888888889 -4.694444444444446 -6.027777777777773 -7.361111111111107 -8.694444444444439
0.8055555555555565 3.305555555555555 1.972222222222222 0.6388888888888891 -0.6944444444444458 -2.027777777777775 -3.361111111111109 -4.69444444444445 57.97222222222223 -7.361111111111107 -8.694444444444446 -10.02777777777778
-0.5277777777777793 1.972222222222221 0.6388888888888876 -0.6944444444444454 -2.027777777777778 -3.36111111111111 -4.69444444444444 -6.027777777777782 -7.361111111111111 63.30555555555554 -10.02777777777778 -11.36111111111111
-1.861111111111112 0.6388888888888865 -0.6944444444444463 -2.02777777777778 -3.361111111111113 -4.694444444444446 -6.027777777777773 -7.361111111111114 -8.694444444444448 -10.02777777777778 68.63888888888889 -12.69444444444444
-3.194444444444446 -0.6944444444444484 -2.027777777777782 -3.361111111111114 -4.694444444444446 -6.02777777777778 -7.361111111111108 -8.694444444444448 -10.02777777777778 -11.36111111111111 -12.69444444444444 73.97222222222223
