29.94444444444445 10.27777777777778 8.944444444444446 7.61111111111111 6.277777777777776 4.944444444444442 3.611111111111109 2.277777777777777 0.944444444444452 -0.3888888888888764 -1.722222222222213 -3.055555555555545
10.27777777777778 20.61111111111111 11.27777777777778 9.944444444444443 8.611111111111109 7.277777777777775 5.94444444444444 4.611111111111111 3.277777777777786 1.944444444444459 0.6111111111111245 -0.7222222222222109
8.94444444444445 11.27777777777778 25.94444444444445 8.611111111111113 7.27777777777778 5.944444444444445 4.61111111111111 3.277777777777778 1.94444444444445 0.611111111111126 -0.7222222222222132 -2.055555555555549
7.611111111111113 9.94444444444445 8.611111111111114 31.27777777777778 5.944444444444446 4.611111111111112 3.277777777777777 1.944444444444445 0.6111111111111179 -0.7222222222222062 -2.055555555555544 -3.388888888888878
6.27777777777778 8.611111111111116 7.277777777777782 5.944444444444446 36.61111111111111 3.277777777777775 1.944444444444442 0.6111111111111079 -0.7222222222222187 -2.055555555555544 -3.388888888888877 -4.722222222222213
4.944444444444446 7.277777777777781 5.944444444444446 4.611111111111112 3.277777777777777 41.94444444444445 0.6111111111111055 -0.7222222222222231 -2.055555555555549 -3.388888888888876 -4.722222222222214 -6.055555555555548
3.611111111111107 5.944444444444444 4.611111111111108 3.277777777777773 1.944444444444438 0.6111111111111024 47.27777777777778 -2.05555555555556 -3.388888888888887 -4.722222222222212 -6.055555555555543 -7.388888888888876
2.277777777777782 4.611111111111116 3.277777777777782 1.944444444444447 0.6111111111111114 -0.7222222222222199 -2.055555555555551 52.61111111111111 -4.722222222222225 -6.05555555555555 -7.388888888888886 -8.722222222222216
0.9444444444444449 3.277777777777778 1.944444444444444 0.6111111111111114 -0.7222222222222234 -2.055555555555553 -3.388888888888885 -4.722222222222229 57.94444444444445 -7.388888888888884 -8.722222222222223 -10.05555555555556
-0.3888888888888901 1.944444444444443 0.6111111111111099 -0.7222222222222231 -2.055555555555556 -3.388888888888887 -4.722222222222217 -6.055555555555559 -7.388888888888889 63.27777777777776 -10.05555555555555 -11.38888888888889
-1.722222222222223 0.6111111111111079 -0.722222222222224 -2.055555555555558 -3.388888888888891 -4.722222222222224 -6.055555555555552 -7.388888888888893 -8.722222222222227 -10.05555555555555 68.61111111111111 -12.72222222222222
-3.055555555555557 -0.722222222222227 -2.055555555555559 -3.388888888888891 -4.722222222222224 -6.055555555555558 -7.388888888888886 -8.722222222222227 -10.05555555555556 -11.38888888888889 -12.72222222222222 73.94444444444444
