38.27777777777778 8.611111111111113 7.277777777777781 5.944444444444442 4.611111111111109 3.277777777777777 1.944444444444442 0.6111111111111101 -0.7222222222222148 -2.055555555555544 -3.38888888888888 -4.722222222222212
8.611111111111107 20.94444444444445 11.61111111111111 10.27777777777778 8.944444444444445 7.611111111111108 6.277777777777774 4.944444444444444 3.611111111111118 2.277777777777792 0.9444444444444566 -0.3888888888888787
7.27777777777778 11.61111111111112 26.27777777777779 8.944444444444446 7.611111111111113 6.277777777777778 4.944444444444443 3.611111111111111 2.277777777777784 0.9444444444444595 -0.3888888888888801 -1.722222222222217
5.944444444444445 10.27777777777778 8.944444444444448 31.61111111111111 6.27777777777778 4.944444444444446 3.61111111111111 2.277777777777779 0.9444444444444519 -0.3888888888888723 -1.72222222222221 -3.055555555555544
4.611111111111111 8.94444444444445 7.611111111111116 6.27777777777778 36.94444444444445 3.61111111111111 2.277777777777776 0.9444444444444419 -0.3888888888888847 -1.72222222222221 -3.055555555555543 -4.388888888888879
3.277777777777777 7.611111111111115 6.27777777777778 4.944444444444446 3.611111111111111 42.27777777777779 0.9444444444444394 -0.3888888888888892 -1.722222222222215 -3.055555555555543 -4.38888888888888 -5.722222222222213
1.944444444444438 6.277777777777777 4.944444444444442 3.611111111111107 2.277777777777772 0.9444444444444363 47.61111111111111 -1.722222222222226 -3.055555555555553 -4.388888888888878 -5.722222222222209 -7.055555555555542
0.6111111111111141 4.944444444444449 3.611111111111116 2.277777777777781 0.9444444444444449 -0.3888888888888859 -1.722222222222217 52.94444444444445 -4.388888888888891 -5.722222222222216 -7.055555555555552 -8.388888888888882
-0.7222222222222199 3.611111111111112 2.277777777777777 0.9444444444444449 -0.3888888888888903 -1.722222222222219 -3.055555555555553 -4.388888888888896 58.27777777777778 -7.055555555555552 -8.388888888888891 -9.722222222222223
-2.055555555555553 2.277777777777776 0.944444444444443 -0.3888888888888901 -1.722222222222223 -3.055555555555554 -4.388888888888885 -5.722222222222227 -7.055555555555555 63.61111111111109 -9.722222222222221 -11.05555555555556
-3.38888888888889 0.9444444444444419 -0.3888888888888918 -1.722222222222224 -3.055555555555558 -4.38888888888889 -5.722222222222218 -7.055555555555559 -8.388888888888893 -9.722222222222221 68.94444444444444 -12.38888888888889
-4.722222222222223 -0.388888888888893 -1.722222222222227 -3.055555555555559 -4.388888888888891 -5.722222222222224 -7.055555555555552 -8.388888888888893 -9.722222222222227 -11.05555555555556 -12.38888888888889 74.27777777777779
