61.88888888888889 3.888888888888891 2.555555555555559 1.222222222222221 -0.1111111111111112 -1.444444444444446 -2.77777777777778 -4.111111111111113 -5.444444444444437 -6.777777777777765 -8.111111111111102 -9.444444444444432
3.888888888888878 21.88888888888889 12.55555555555556 11.22222222222222 9.888888888888889 8.555555555555554 7.222222222222221 5.88888888888889 4.555555555555565 3.222222222222239 1.888888888888903 0.5555555555555677
2.555555555555556 12.55555555555556 27.22222222222223 9.888888888888891 8.555555555555559 7.222222222222222 5.888888888888888 4.555555555555555 3.222222222222229 1.888888888888904 0.5555555555555642 -0.7777777777777721
1.222222222222215 11.22222222222223 9.888888888888895 32.55555555555556 7.222222222222227 5.888888888888892 4.555555555555557 3.222222222222225 1.888888888888898 0.5555555555555732 -0.7777777777777643 -2.111111111111098
-0.111111111111115 9.888888888888896 8.555555555555561 7.222222222222226 37.88888888888889 4.555555555555555 3.222222222222221 1.888888888888888 0.5555555555555606 -0.7777777777777643 -2.111111111111099 -3.444444444444434
-1.444444444444449 8.555555555555561 7.222222222222226 5.888888888888891 4.555555555555555 43.22222222222223 1.888888888888884 0.5555555555555555 -0.7777777777777696 -2.111111111111098 -3.444444444444436 -4.777777777777769
-2.777777777777789 7.222222222222222 5.888888888888887 4.555555555555553 3.222222222222218 1.888888888888881 48.55555555555556 -0.7777777777777789 -2.111111111111109 -3.444444444444432 -4.777777777777764 -6.111111111111097
-4.111111111111111 5.888888888888895 4.555555555555561 3.222222222222225 1.88888888888889 0.5555555555555596 -0.7777777777777717 53.88888888888889 -3.444444444444446 -4.777777777777772 -6.111111111111107 -7.444444444444438
-5.444444444444443 4.555555555555556 3.222222222222221 1.888888888888889 0.5555555555555543 -0.7777777777777761 -2.111111111111109 -3.444444444444451 59.22222222222223 -6.111111111111107 -7.444444444444446 -8.777777777777779
-6.777777777777775 3.22222222222222 1.888888888888887 0.5555555555555546 -0.7777777777777793 -2.11111111111111 -3.444444444444441 -4.777777777777781 -6.111111111111113 64.55555555555554 -8.777777777777779 -10.11111111111111
-8.111111111111111 1.888888888888887 0.5555555555555526 -0.7777777777777793 -2.111111111111112 -3.444444444444446 -4.777777777777773 -6.111111111111114 -7.444444444444448 -8.777777777777777 69.88888888888889 -11.44444444444445
-9.444444444444446 0.5555555555555516 -0.7777777777777823 -2.111111111111114 -3.444444444444446 -4.77777777777778 -6.111111111111108 -7.444444444444449 -8.777777777777784 -10.11111111111111 -11.44444444444445 75.22222222222223
