57.02777777777777 4.861111111111113 3.52777777777778 2.194444444444443 0.8611111111111101 -0.4722222222222237 -1.805555555555559 -3.138888888888891 -4.472222222222215 -5.805555555555544 -7.13888888888888 -8.472222222222211
4.861111111111101 21.69444444444445 12.36111111111111 11.02777777777778 9.694444444444445 8.361111111111109 7.027777777777776 5.694444444444446 4.361111111111121 3.027777777777794 1.694444444444458 0.361111111111123
3.52777777777778 12.36111111111112 27.02777777777779 9.694444444444446 8.361111111111114 7.027777777777778 5.694444444444444 4.361111111111112 3.027777777777784 1.69444444444446 0.3611111111111199 -0.9722222222222168
2.194444444444438 11.02777777777779 9.69444444444445 32.36111111111111 7.027777777777782 5.694444444444447 4.361111111111113 3.02777777777778 1.694444444444454 0.3611111111111286 -0.9722222222222089 -2.305555555555543
0.8611111111111079 9.694444444444452 8.361111111111116 7.027777777777781 37.69444444444445 4.361111111111111 3.027777777777777 1.694444444444443 0.3611111111111162 -0.9722222222222089 -2.305555555555543 -3.638888888888878
-0.4722222222222249 8.361111111111116 7.027777777777781 5.694444444444446 4.361111111111111 43.02777777777779 1.69444444444444 0.3611111111111108 -0.9722222222222142 -2.305555555555543 -3.638888888888881 -4.972222222222213
-1.805555555555565 7.027777777777778 5.694444444444442 4.361111111111108 3.027777777777773 1.694444444444438 48.36111111111111 -0.9722222222222235 -2.305555555555553 -3.638888888888876 -4.972222222222209 -6.305555555555541
-3.138888888888888 5.69444444444445 4.361111111111116 3.027777777777781 1.694444444444445 0.3611111111111141 -0.9722222222222163 53.69444444444445 -3.638888888888891 -4.972222222222216 -6.305555555555552 -7.638888888888883
-4.47222222222222 4.361111111111112 3.027777777777777 1.694444444444444 0.3611111111111097 -0.9722222222222208 -2.305555555555553 -3.638888888888896 59.02777777777778 -6.305555555555552 -7.638888888888891 -8.972222222222223
-5.805555555555554 3.027777777777776 1.694444444444443 0.3611111111111099 -0.9722222222222231 -2.305555555555553 -3.638888888888884 -4.972222222222226 -6.305555555555555 64.3611111111111 -8.972222222222221 -10.30555555555556
-7.138888888888888 1.694444444444442 0.3611111111111082 -0.972222222222224 -2.305555555555557 -3.638888888888891 -4.972222222222218 -6.305555555555559 -7.638888888888893 -8.972222222222221 69.69444444444444 -11.63888888888889
-8.472222222222223 0.361111111111107 -0.972222222222227 -2.305555555555559 -3.638888888888891 -4.972222222222224 -6.305555555555553 -7.638888888888894 -8.972222222222227 -10.30555555555556 -11.63888888888889 75.02777777777777
