61.19444444444444 4.02777777777778 2.694444444444448 1.36111111111111 0.0277777777777781 -1.305555555555556 -2.638888888888891 -3.972222222222224 -5.305555555555547 -6.638888888888876 -7.972222222222212 -9.305555555555543
4.027777777777767 21.86111111111111 12.52777777777778 11.19444444444444 9.861111111111113 8.527777777777775 7.194444444444443 5.861111111111112 4.527777777777787 3.19444444444446 1.861111111111125 0.5277777777777891
2.694444444444445 12.52777777777779 27.19444444444445 9.861111111111114 8.527777777777782 7.194444444444445 5.861111111111111 4.527777777777778 3.194444444444451 1.861111111111127 0.5277777777777875 -0.8055555555555489
1.361111111111105 11.19444444444445 9.861111111111118 32.52777777777778 7.194444444444449 5.861111111111114 4.52777777777778 3.194444444444447 1.86111111111112 0.5277777777777956 -0.8055555555555419 -2.138888888888876
0.02777777777777603 9.861111111111118 8.527777777777784 7.194444444444448 37.86111111111111 4.527777777777777 3.194444444444443 1.86111111111111 0.5277777777777829 -0.8055555555555419 -2.138888888888876 -3.472222222222212
-1.305555555555557 8.527777777777782 7.194444444444447 5.861111111111113 4.527777777777777 43.19444444444445 1.861111111111106 0.5277777777777769 -0.8055555555555481 -2.138888888888876 -3.472222222222215 -4.805555555555547
-2.638888888888898 7.194444444444444 5.861111111111109 4.527777777777774 3.194444444444439 1.861111111111103 48.52777777777778 -0.8055555555555575 -2.138888888888887 -3.47222222222221 -4.805555555555543 -6.138888888888875
-3.972222222222223 5.861111111111117 4.527777777777782 3.194444444444448 1.861111111111112 0.527777777777781 -0.8055555555555503 53.86111111111111 -3.472222222222225 -4.80555555555555 -6.138888888888886 -7.472222222222217
-5.305555555555554 4.527777777777779 3.194444444444444 1.861111111111111 0.5277777777777766 -0.8055555555555538 -2.138888888888885 -3.472222222222228 59.19444444444445 -6.138888888888886 -7.472222222222225 -8.805555555555557
-6.638888888888888 3.194444444444443 1.861111111111109 0.5277777777777769 -0.805555555555557 -2.138888888888888 -3.472222222222217 -4.80555555555556 -6.138888888888889 64.52777777777777 -8.805555555555555 -10.13888888888889
-7.972222222222223 1.86111111111111 0.527777777777774 -0.805555555555557 -2.13888888888889 -3.472222222222224 -4.805555555555551 -6.138888888888893 -7.472222222222225 -8.805555555555554 69.86111111111111 -11.47222222222222
-9.305555555555557 0.5277777777777748 -0.8055555555555609 -2.138888888888891 -3.472222222222225 -4.805555555555557 -6.138888888888886 -7.472222222222227 -8.805555555555561 -10.13888888888889 -11.47222222222222 75.19444444444444
