28.55555555555556 10.55555555555556 9.222222222222225 7.888888888888888 6.555555555555555 5.22222222222222 3.888888888888887 2.555555555555555 1.22222222222223 -0.1111111111110988 -1.444444444444435 -2.777777777777766
10.55555555555555 20.55555555555555 11.22222222222222 9.888888888888886 8.555555555555554 7.222222222222219 5.888888888888884 4.555555555555555 3.222222222222229 1.888888888888903 0.5555555555555674 -0.777777777777768
9.222222222222229 11.22222222222223 25.8888888888889 8.555555555555557 7.222222222222224 5.888888888888888 4.555555555555555 3.222222222222221 1.888888888888895 0.5555555555555707 -0.7777777777777686 -2.111111111111105
7.888888888888892 9.888888888888895 8.555555555555559 31.22222222222222 5.888888888888891 4.555555555555556 3.222222222222221 1.88888888888889 0.5555555555555626 -0.7777777777777616 -2.1111111111111 -3.444444444444434
6.555555555555558 8.555555555555561 7.222222222222227 5.88888888888889 36.55555555555556 3.22222222222222 1.888888888888887 0.5555555555555526 -0.777777777777774 -2.1111111111111 -3.444444444444433 -4.777777777777768
5.222222222222224 7.222222222222226 5.888888888888891 4.555555555555556 3.222222222222222 41.88888888888889 0.5555555555555501 -0.7777777777777785 -2.111111111111104 -3.444444444444432 -4.77777777777777 -6.111111111111104
3.888888888888885 5.888888888888888 4.555555555555553 3.222222222222218 1.888888888888883 0.555555555555547 47.22222222222222 -2.111111111111116 -3.444444444444442 -4.777777777777767 -6.111111111111098 -7.444444444444431
2.555555555555559 4.555555555555561 3.222222222222226 1.888888888888892 0.555555555555556 -0.7777777777777752 -2.111111111111106 52.55555555555556 -4.77777777777778 -6.111111111111107 -7.444444444444441 -8.777777777777773
1.222222222222223 3.222222222222222 1.888888888888889 0.555555555555556 -0.7777777777777788 -2.111111111111109 -3.444444444444442 -4.777777777777784 57.88888888888889 -7.444444444444441 -8.77777777777778 -10.11111111111111
-0.1111111111111124 1.888888888888887 0.5555555555555546 -0.7777777777777785 -2.111111111111111 -3.444444444444442 -4.777777777777772 -6.111111111111114 -7.444444444444445 63.22222222222221 -10.11111111111111 -11.44444444444444
-1.444444444444445 0.5555555555555526 -0.7777777777777802 -2.111111111111113 -3.444444444444446 -4.77777777777778 -6.111111111111107 -7.444444444444448 -8.777777777777782 -10.11111111111111 68.55555555555556 -12.77777777777778
-2.77777777777778 -0.7777777777777823 -2.111111111111114 -3.444444444444446 -4.77777777777778 -6.111111111111113 -7.444444444444441 -8.777777777777782 -10.11111111111112 -11.44444444444445 -12.77777777777778 73.88888888888889
