44.52777777777778 7.361111111111114 6.02777777777778 4.694444444444443 3.361111111111111 2.027777777777777 0.6944444444444422 -0.6388888888888897 -1.972222222222216 -3.305555555555544 -4.63888888888888 -5.972222222222212
7.361111111111105 21.19444444444445 11.86111111111111 10.52777777777778 9.194444444444445 7.861111111111109 6.527777777777775 5.194444444444445 3.861111111111119 2.527777777777793 1.194444444444458 -0.138888888888877
6.02777777777778 11.86111111111112 26.52777777777779 9.194444444444446 7.861111111111113 6.527777777777777 5.194444444444444 3.86111111111111 2.527777777777784 1.19444444444446 -0.1388888888888801 -1.472222222222217
4.694444444444442 10.52777777777778 9.19444444444445 31.86111111111111 6.527777777777781 5.194444444444446 3.861111111111111 2.52777777777778 1.194444444444453 -0.1388888888888723 -1.47222222222221 -2.805555555555544
3.361111111111111 9.19444444444445 7.861111111111117 6.527777777777781 37.19444444444445 3.86111111111111 2.527777777777776 1.194444444444443 -0.1388888888888838 -1.472222222222209 -2.805555555555543 -4.138888888888878
2.027777777777777 7.861111111111115 6.52777777777778 5.194444444444446 3.86111111111111 42.52777777777779 1.19444444444444 -0.1388888888888892 -1.472222222222215 -2.805555555555543 -4.13888888888888 -5.472222222222213
0.6944444444444381 6.527777777777777 5.194444444444442 3.861111111111107 2.527777777777772 1.194444444444436 47.86111111111111 -1.472222222222224 -2.805555555555553 -4.138888888888876 -5.472222222222209 -6.805555555555541
-0.6388888888888877 5.19444444444445 3.861111111111116 2.527777777777781 1.194444444444445 -0.1388888888888859 -1.472222222222217 53.19444444444445 -4.138888888888891 -5.472222222222216 -6.805555555555552 -8.138888888888882
-1.972222222222219 3.861111111111112 2.527777777777777 1.194444444444445 -0.1388888888888903 -1.47222222222222 -2.805555555555553 -4.138888888888896 58.52777777777778 -6.805555555555552 -8.138888888888891 -9.472222222222223
-3.305555555555553 2.527777777777777 1.194444444444443 -0.1388888888888901 -1.472222222222223 -2.805555555555554 -4.138888888888883 -5.472222222222226 -6.805555555555555 63.86111111111109 -9.472222222222221 -10.80555555555556
-4.638888888888888 1.194444444444442 -0.1388888888888918 -1.472222222222224 -2.805555555555558 -4.138888888888891 -5.472222222222219 -6.805555555555559 -8.138888888888893 -9.472222222222221 69.19444444444444 -12.13888888888889
-5.972222222222222 -0.138888888888893 -1.472222222222227 -2.805555555555559 -4.138888888888891 -5.472222222222224 -6.805555555555552 -8.138888888888893 -9.472222222222227 -10.80555555555556 -12.13888888888889 74.52777777777779
