18.13888888888889 12.63888888888889 11.30555555555556 9.97222222222222 8.638888888888888 7.305555555555554 5.972222222222219 4.638888888888888 3.305555555555563 1.972222222222235 0.6388888888888982 -0.6944444444444341
12.63888888888889 20.13888888888889 10.80555555555556 9.47222222222222 8.138888888888886 6.805555555555552 5.472222222222217 4.138888888888887 2.805555555555563 1.472222222222236 0.1388888888889013 -1.194444444444434
11.30555555555556 10.80555555555556 25.47222222222223 8.138888888888889 6.805555555555557 5.472222222222221 4.138888888888888 2.805555555555554 1.472222222222228 0.1388888888889038 -1.194444444444436 -2.527777777777772
9.972222222222229 9.472222222222227 8.138888888888891 30.80555555555555 5.472222222222223 4.138888888888888 2.805555555555554 1.472222222222222 0.1388888888888947 -1.19444444444443 -2.527777777777768 -3.861111111111101
8.638888888888893 8.138888888888893 6.80555555555556 5.472222222222223 36.13888888888889 2.805555555555554 1.472222222222219 0.1388888888888867 -1.194444444444441 -2.527777777777767 -3.8611111111111 -5.194444444444435
7.305555555555559 6.805555555555559 5.472222222222224 4.138888888888889 2.805555555555554 41.47222222222223 0.1388888888888823 -1.194444444444446 -2.527777777777772 -3.8611111111111 -5.194444444444438 -6.527777777777771
5.972222222222221 5.472222222222221 4.138888888888885 2.80555555555555 1.472222222222215 0.1388888888888783 46.80555555555556 -2.527777777777782 -3.86111111111111 -5.194444444444435 -6.527777777777766 -7.861111111111098
4.638888888888894 4.138888888888895 2.805555555555559 1.472222222222224 0.1388888888888891 -1.194444444444443 -2.527777777777774 52.13888888888889 -5.194444444444448 -6.527777777777773 -7.861111111111107 -9.194444444444439
3.305555555555555 2.805555555555555 1.472222222222222 0.1388888888888891 -1.194444444444446 -2.527777777777775 -3.861111111111109 -5.19444444444445 57.47222222222223 -7.861111111111107 -9.194444444444446 -10.52777777777778
1.97222222222222 1.472222222222221 0.1388888888888876 -1.194444444444445 -2.527777777777778 -3.861111111111109 -5.194444444444438 -6.52777777777778 -7.861111111111111 62.80555555555554 -10.52777777777778 -11.86111111111111
0.6388888888888865 0.1388888888888867 -1.194444444444447 -2.52777777777778 -3.861111111111112 -5.194444444444446 -6.527777777777773 -7.861111111111114 -9.194444444444448 -10.52777777777778 68.13888888888889 -13.19444444444444
-0.6944444444444484 -1.194444444444448 -2.527777777777782 -3.861111111111114 -5.194444444444446 -6.52777777777778 -7.861111111111108 -9.194444444444448 -10.52777777777778 -11.86111111111111 -13.19444444444444 73.47222222222223
