66.05555555555556 3.055555555555557 1.722222222222224 0.3888888888888871 -0.9444444444444451 -2.277777777777782 -3.611111111111115 -4.944444444444447 -6.277777777777772 -7.611111111111099 -8.944444444444436 -10.27777777777777
3.055555555555543 22.05555555555556 12.72222222222223 11.38888888888889 10.05555555555556 8.722222222222221 7.388888888888888 6.055555555555557 4.722222222222232 3.388888888888905 2.055555555555569 0.7222222222222338
1.722222222222223 12.72222222222223 27.3888888888889 10.05555555555556 8.722222222222227 7.388888888888888 6.055555555555555 4.722222222222222 3.388888888888896 2.055555555555571 0.7222222222222321 -0.6111111111111043
0.3888888888888814 11.3888888888889 10.05555555555556 32.72222222222222 7.388888888888894 6.055555555555559 4.722222222222224 3.388888888888892 2.055555555555566 0.7222222222222406 -0.6111111111110973 -1.944444444444432
-0.9444444444444472 10.05555555555556 8.722222222222229 7.388888888888893 38.05555555555556 4.722222222222221 3.388888888888888 2.055555555555555 0.7222222222222275 -0.6111111111110973 -1.944444444444432 -3.277777777777768
-2.277777777777783 8.722222222222227 7.388888888888892 6.055555555555556 4.722222222222221 43.38888888888889 2.055555555555551 0.7222222222222215 -0.6111111111111035 -1.944444444444432 -3.27777777777777 -4.611111111111103
-3.611111111111123 7.388888888888889 6.055555555555554 4.722222222222219 3.388888888888884 2.055555555555548 48.72222222222223 -0.6111111111111128 -1.944444444444442 -3.277777777777767 -4.611111111111097 -5.94444444444443
-4.944444444444446 6.055555555555562 4.722222222222227 3.388888888888892 2.055555555555557 0.7222222222222252 -0.6111111111111056 54.05555555555556 -3.277777777777779 -4.611111111111105 -5.944444444444441 -7.277777777777772
-6.277777777777777 4.722222222222222 3.388888888888888 2.055555555555556 0.7222222222222208 -0.6111111111111092 -1.944444444444441 -3.277777777777784 59.38888888888889 -5.944444444444441 -7.27777777777778 -8.611111111111113
-7.611111111111107 3.388888888888886 2.055555555555554 0.7222222222222215 -0.6111111111111124 -1.944444444444443 -3.277777777777774 -4.611111111111115 -5.944444444444445 64.72222222222221 -8.611111111111111 -9.944444444444445
-8.944444444444443 2.055555555555553 0.7222222222222187 -0.6111111111111133 -1.944444444444446 -3.27777777777778 -4.611111111111107 -5.944444444444448 -7.277777777777782 -8.611111111111111 70.05555555555556 -11.27777777777778
-10.27777777777778 0.7222222222222177 -0.6111111111111163 -1.944444444444448 -3.27777777777778 -4.611111111111113 -5.944444444444441 -7.277777777777783 -8.611111111111118 -9.944444444444446 -11.27777777777778 75.38888888888889
