55.63888888888889 5.138888888888891 3.805555555555557 2.47222222222222 1.138888888888887 -0.1944444444444469 -1.52777777777778 -2.861111111111113 -4.194444444444438 -5.527777777777765 -6.861111111111101 -8.194444444444434
5.13888888888888 21.63888888888889 12.30555555555556 10.97222222222222 9.638888888888889 8.305555555555554 6.972222222222221 5.638888888888889 4.305555555555564 2.972222222222237 1.638888888888901 0.3055555555555659
3.805555555555558 12.30555555555556 26.97222222222223 9.638888888888891 8.305555555555559 6.972222222222221 5.638888888888888 4.305555555555555 2.972222222222229 1.638888888888904 0.3055555555555645 -1.027777777777772
2.472222222222216 10.97222222222223 9.638888888888895 32.30555555555556 6.972222222222226 5.638888888888891 4.305555555555556 2.972222222222224 1.638888888888898 0.3055555555555732 -1.027777777777764 -2.361111111111098
1.138888888888887 9.638888888888895 8.305555555555561 6.972222222222226 37.63888888888889 4.305555555555555 2.972222222222221 1.638888888888888 0.3055555555555608 -1.027777777777764 -2.361111111111099 -3.694444444444434
-0.1944444444444481 8.305555555555559 6.972222222222225 5.63888888888889 4.305555555555555 42.97222222222223 1.638888888888884 0.3055555555555555 -1.02777777777777 -2.361111111111098 -3.694444444444436 -5.027777777777769
-1.527777777777789 6.972222222222221 5.638888888888887 4.305555555555552 2.972222222222217 1.638888888888881 48.30555555555556 -1.027777777777779 -2.361111111111109 -3.694444444444432 -5.027777777777764 -6.361111111111097
-2.861111111111109 5.638888888888895 4.305555555555561 2.972222222222225 1.63888888888889 0.3055555555555587 -1.027777777777772 53.63888888888889 -3.694444444444446 -5.027777777777772 -6.361111111111107 -7.694444444444438
-4.194444444444441 4.305555555555556 2.972222222222221 1.638888888888889 0.3055555555555543 -1.027777777777776 -2.361111111111109 -3.694444444444451 58.97222222222223 -6.361111111111107 -7.694444444444446 -9.027777777777779
-5.527777777777774 2.97222222222222 1.638888888888887 0.3055555555555546 -1.027777777777779 -2.361111111111109 -3.694444444444439 -5.027777777777781 -6.361111111111111 64.30555555555554 -9.027777777777777 -10.36111111111111
-6.861111111111111 1.638888888888887 0.3055555555555528 -1.027777777777779 -2.361111111111112 -3.694444444444446 -5.027777777777773 -6.361111111111114 -7.694444444444448 -9.027777777777777 69.63888888888889 -11.69444444444445
-8.194444444444446 0.3055555555555516 -1.027777777777782 -2.361111111111114 -3.694444444444446 -5.02777777777778 -6.361111111111108 -7.694444444444449 -9.027777777777782 -10.36111111111111 -11.69444444444445 74.97222222222223
