16.05555555555556 13.05555555555556 11.72222222222223 10.38888888888889 9.055555555555554 7.722222222222221 6.388888888888887 5.055555555555555 3.72222222222223 2.388888888888902 1.055555555555566 -0.2777777777777662
13.05555555555556 20.05555555555555 10.72222222222222 9.388888888888886 8.055555555555554 6.722222222222219 5.388888888888884 4.055555555555554 2.722222222222229 1.388888888888903 0.05555555555556732 -1.277777777777768
11.72222222222223 10.72222222222223 25.3888888888889 8.055555555555555 6.722222222222224 5.388888888888888 4.055555555555554 2.722222222222221 1.388888888888895 0.05555555555556984 -1.27777777777777 -2.611111111111106
10.3888888888889 9.388888888888895 8.055555555555559 30.72222222222222 5.38888888888889 4.055555555555555 2.722222222222221 1.388888888888889 0.05555555555556081 -1.277777777777763 -2.611111111111101 -3.944444444444435
9.055555555555561 8.055555555555561 6.722222222222226 5.38888888888889 36.05555555555556 2.72222222222222 1.388888888888887 0.05555555555555282 -1.277777777777774 -2.6111111111111 -3.944444444444434 -5.277777777777769
7.722222222222226 6.722222222222225 5.38888888888889 4.055555555555555 2.72222222222222 41.38888888888889 0.05555555555555015 -1.27777777777778 -2.611111111111104 -3.944444444444434 -5.277777777777771 -6.611111111111104
6.388888888888888 5.388888888888887 4.055555555555552 2.722222222222217 1.388888888888883 0.05555555555554438 46.72222222222222 -2.611111111111116 -3.944444444444444 -5.277777777777767 -6.6111111111111 -7.944444444444432
5.05555555555556 4.055555555555562 2.722222222222225 1.38888888888889 0.05555555555555519 -1.277777777777775 -2.611111111111106 52.05555555555556 -5.27777777777778 -6.611111111111107 -7.944444444444441 -9.277777777777773
3.722222222222222 2.722222222222222 1.388888888888889 0.05555555555555607 -1.277777777777779 -2.611111111111109 -3.944444444444442 -5.277777777777784 57.38888888888889 -7.944444444444441 -9.27777777777778 -10.61111111111111
2.388888888888887 1.388888888888888 0.05555555555555371 -1.277777777777778 -2.611111111111111 -3.944444444444442 -5.277777777777772 -6.611111111111114 -7.944444444444445 62.72222222222221 -10.61111111111111 -11.94444444444444
1.055555555555553 0.05555555555555282 -1.27777777777778 -2.611111111111114 -3.944444444444446 -5.27777777777778 -6.611111111111107 -7.944444444444448 -9.277777777777782 -10.61111111111111 68.05555555555556 -13.27777777777778
-0.2777777777777823 -1.277777777777782 -2.611111111111114 -3.944444444444446 -5.27777777777778 -6.611111111111113 -7.944444444444441 -9.277777777777782 -10.61111111111111 -11.94444444444445 -13.27777777777778 73.38888888888889
