54.94444444444444 5.27777777777778 3.944444444444446 2.611111111111109 1.277777777777776 -0.05555555555555761 -1.388888888888891 -2.722222222222223 -4.055555555555549 -5.388888888888876 -6.722222222222212 -8.055555555555545
5.277777777777769 21.61111111111111 12.27777777777778 10.94444444444444 9.611111111111113 8.277777777777775 6.944444444444443 5.611111111111112 4.277777777777787 2.94444444444446 1.611111111111125 0.2777777777777891
3.944444444444445 12.27777777777778 26.94444444444445 9.611111111111114 8.27777777777778 6.944444444444444 5.611111111111111 4.277777777777778 2.944444444444451 1.611111111111127 0.2777777777777877 -1.055555555555549
2.611111111111106 10.94444444444445 9.611111111111116 32.27777777777778 6.944444444444448 5.611111111111113 4.277777777777779 2.944444444444446 1.61111111111112 0.2777777777777956 -1.055555555555542 -2.388888888888876
1.277777777777778 9.611111111111118 8.277777777777784 6.944444444444447 37.61111111111111 4.277777777777777 2.944444444444443 1.611111111111109 0.2777777777777822 -1.055555555555543 -2.388888888888877 -3.722222222222212
-0.05555555555555879 8.277777777777782 6.944444444444447 5.611111111111113 4.277777777777777 42.94444444444445 1.611111111111107 0.2777777777777769 -1.055555555555547 -2.388888888888876 -3.722222222222214 -5.055555555555547
-1.388888888888899 6.944444444444444 5.611111111111109 4.277777777777774 2.944444444444439 1.611111111111103 48.27777777777778 -1.055555555555557 -2.388888888888887 -3.72222222222221 -5.055555555555543 -6.388888888888875
-2.722222222222222 5.611111111111117 4.277777777777783 2.944444444444448 1.611111111111112 0.277777777777782 -1.05555555555555 53.61111111111111 -3.722222222222223 -5.05555555555555 -6.388888888888884 -7.722222222222216
-4.055555555555554 4.277777777777779 2.944444444444444 1.611111111111111 0.2777777777777766 -1.055555555555554 -2.388888888888885 -3.722222222222228 58.94444444444445 -6.388888888888886 -7.722222222222225 -9.055555555555557
-5.388888888888885 2.944444444444443 1.611111111111109 0.2777777777777769 -1.055555555555557 -2.388888888888887 -3.722222222222217 -5.055555555555558 -6.388888888888889 64.27777777777777 -9.055555555555554 -10.38888888888889
-6.722222222222221 1.61111111111111 0.2777777777777742 -1.055555555555558 -2.388888888888891 -3.722222222222225 -5.055555555555551 -6.388888888888893 -7.722222222222225 -9.055555555555554 69.61111111111111 -11.72222222222222
-8.055555555555557 0.2777777777777731 -1.055555555555561 -2.388888888888893 -3.722222222222225 -5.055555555555558 -6.388888888888886 -7.722222222222227 -9.055555555555561 -10.38888888888889 -11.72222222222222 74.94444444444444
