48.69444444444444 6.527777777777781 5.194444444444446 3.861111111111109 2.527777777777777 1.194444444444442 -0.1388888888888898 -1.472222222222223 -2.805555555555548 -4.138888888888876 -5.472222222222212 -6.805555555555544
6.527777777777771 21.36111111111111 12.02777777777778 10.69444444444444 9.361111111111111 8.027777777777775 6.694444444444442 5.361111111111112 4.027777777777787 2.69444444444446 1.361111111111125 0.02777777777778913
5.194444444444447 12.02777777777778 26.69444444444445 9.361111111111113 8.02777777777778 6.694444444444444 5.36111111111111 4.027777777777778 2.69444444444445 1.361111111111126 0.02777777777778594 -1.305555555555551
3.861111111111107 10.69444444444445 9.361111111111116 32.02777777777778 6.694444444444448 5.361111111111113 4.027777777777779 2.694444444444446 1.36111111111112 0.02777777777779468 -1.305555555555543 -2.638888888888876
2.527777777777777 9.361111111111118 8.027777777777782 6.694444444444447 37.36111111111111 4.027777777777777 2.694444444444443 1.361111111111109 0.02777777777778225 -1.305555555555543 -2.638888888888877 -3.972222222222212
1.194444444444443 8.027777777777782 6.694444444444447 5.361111111111113 4.027777777777777 42.69444444444445 1.361111111111107 0.02777777777777692 -1.305555555555547 -2.638888888888876 -3.972222222222214 -5.305555555555547
-0.1388888888888967 6.694444444444444 5.361111111111109 4.027777777777774 2.694444444444439 1.361111111111103 48.02777777777778 -1.305555555555557 -2.638888888888887 -3.97222222222221 -5.305555555555543 -6.638888888888875
-1.472222222222221 5.361111111111116 4.027777777777783 2.694444444444447 1.361111111111111 0.02777777777778017 -1.30555555555555 53.36111111111111 -3.972222222222225 -5.30555555555555 -6.638888888888886 -7.972222222222217
-2.805555555555551 4.027777777777779 2.694444444444444 1.361111111111111 0.02777777777777662 -1.305555555555554 -2.638888888888885 -3.972222222222228 58.69444444444445 -6.638888888888886 -7.972222222222225 -9.305555555555557
-4.138888888888887 2.694444444444443 1.361111111111109 0.02777777777777603 -1.305555555555557 -2.638888888888887 -3.972222222222217 -5.305555555555558 -6.638888888888889 64.02777777777777 -9.305555555555554 -10.63888888888889
-5.472222222222222 1.36111111111111 0.02777777777777425 -1.305555555555557 -2.63888888888889 -3.972222222222224 -5.305555555555551 -6.638888888888893 -7.972222222222225 -9.305555555555554 69.36111111111111 -11.97222222222222
-6.805555555555556 0.02777777777777484 -1.305555555555561 -2.638888888888891 -3.972222222222225 -5.305555555555557 -6.638888888888886 -7.972222222222227 -9.305555555555561 -10.63888888888889 -11.97222222222222 74.69444444444444
