45.91666666666667 7.083333333333336 5.750000000000002 4.416666666666664 3.083333333333332 1.749999999999998 0.4166666666666639 -0.9166666666666683 -2.249999999999995 -3.583333333333322 -4.916666666666658 -6.24999999999999
7.083333333333328 21.25 11.91666666666667 10.58333333333333 9.25 7.916666666666664 6.583333333333331 5.25 3.916666666666675 2.583333333333349 1.250000000000014 -0.08333333333332159
5.750000000000003 11.91666666666667 26.58333333333334 9.250000000000002 7.91666666666667 6.583333333333333 5.249999999999999 3.916666666666667 2.583333333333339 1.250000000000015 -0.08333333333332477 -1.416666666666661
4.416666666666663 10.58333333333334 9.250000000000005 31.91666666666666 6.583333333333337 5.250000000000002 3.916666666666667 2.583333333333335 1.250000000000008 -0.08333333333331693 -1.416666666666654 -2.749999999999989
3.083333333333332 9.250000000000005 7.916666666666672 6.583333333333337 37.25 3.916666666666665 2.583333333333331 1.249999999999998 -0.08333333333332847 -1.416666666666653 -2.749999999999988 -4.083333333333322
1.749999999999998 7.916666666666671 6.583333333333335 5.250000000000002 3.916666666666666 42.58333333333334 1.249999999999995 -0.0833333333333338 -1.416666666666658 -2.749999999999987 -4.083333333333325 -5.416666666666658
0.4166666666666586 6.583333333333332 5.249999999999997 3.916666666666663 2.583333333333327 1.249999999999992 47.91666666666667 -1.416666666666669 -2.749999999999998 -4.083333333333321 -5.416666666666654 -6.749999999999986
-0.9166666666666645 5.250000000000005 3.916666666666671 2.583333333333336 1.25 -0.08333333333333054 -1.416666666666662 53.25000000000001 -4.083333333333336 -5.416666666666661 -6.749999999999996 -8.083333333333327
-2.249999999999996 3.916666666666667 2.583333333333333 1.25 -0.08333333333333498 -1.416666666666665 -2.749999999999998 -4.083333333333341 58.58333333333334 -6.749999999999996 -8.083333333333336 -9.416666666666668
-3.583333333333332 2.583333333333333 1.249999999999998 -0.08333333333333469 -1.416666666666668 -2.749999999999999 -4.083333333333328 -5.416666666666671 -6.75 63.91666666666665 -9.416666666666666 -10.75
-4.916666666666666 1.249999999999999 -0.08333333333333647 -1.416666666666669 -2.750000000000001 -4.083333333333335 -5.416666666666663 -6.750000000000004 -8.083333333333336 -9.416666666666664 69.25 -12.08333333333333
-6.250000000000001 -0.08333333333333765 -1.416666666666672 -2.750000000000002 -4.083333333333336 -5.416666666666669 -6.749999999999996 -8.083333333333338 -9.416666666666671 -10.75 -12.08333333333333 74.58333333333333
