25.08333333333334 11.25 9.91666666666667 8.58333333333333 7.249999999999999 5.916666666666664 4.58333333333333 3.249999999999999 1.916666666666674 0.5833333333333457 -0.7499999999999902 -2.083333333333322
11.25 20.41666666666666 11.08333333333333 9.749999999999996 8.416666666666664 7.08333333333333 5.749999999999996 4.416666666666665 3.083333333333341 1.750000000000015 0.4166666666666798 -0.9166666666666555
9.916666666666673 11.08333333333334 25.75000000000001 8.416666666666668 7.083333333333336 5.75 4.416666666666665 3.083333333333333 1.750000000000006 0.4166666666666815 -0.9166666666666579 -2.249999999999994
8.583333333333336 9.750000000000005 8.41666666666667 31.08333333333333 5.750000000000002 4.416666666666667 3.083333333333332 1.75 0.4166666666666733 -0.9166666666666509 -2.249999999999989 -3.583333333333323
7.250000000000004 8.416666666666671 7.083333333333338 5.750000000000002 36.41666666666667 3.08333333333333 1.749999999999997 0.4166666666666635 -0.9166666666666633 -2.249999999999989 -3.583333333333322 -4.916666666666657
5.91666666666667 7.083333333333337 5.750000000000002 4.416666666666667 3.083333333333333 41.75 0.4166666666666609 -0.9166666666666677 -2.249999999999993 -3.583333333333321 -4.916666666666659 -6.249999999999993
4.583333333333331 5.749999999999998 4.416666666666663 3.083333333333329 1.749999999999994 0.4166666666666569 47.08333333333334 -2.250000000000005 -3.583333333333332 -4.916666666666656 -6.249999999999988 -7.583333333333321
3.250000000000004 4.416666666666672 3.083333333333337 1.750000000000002 0.4166666666666677 -0.9166666666666645 -2.249999999999995 52.41666666666667 -4.91666666666667 -6.249999999999995 -7.58333333333333 -8.916666666666661
1.916666666666667 3.083333333333333 1.75 0.4166666666666677 -0.9166666666666681 -2.249999999999998 -3.58333333333333 -4.916666666666673 57.75000000000001 -7.583333333333329 -8.916666666666668 -10.25
0.5833333333333323 1.749999999999998 0.4166666666666653 -0.9166666666666669 -2.25 -3.583333333333332 -4.916666666666662 -6.250000000000004 -7.583333333333332 63.08333333333332 -10.25 -11.58333333333333
-0.7500000000000017 0.4166666666666653 -0.9166666666666695 -2.250000000000002 -3.583333333333334 -4.916666666666668 -6.249999999999996 -7.583333333333336 -8.91666666666667 -10.25 68.41666666666666 -12.91666666666667
-2.083333333333336 -0.9166666666666699 -2.250000000000004 -3.583333333333336 -4.916666666666669 -6.250000000000003 -7.58333333333333 -8.916666666666671 -10.25 -11.58333333333333 -12.91666666666667 73.75
