32.02777777777778 9.861111111111113 8.52777777777778 7.194444444444444 5.86111111111111 4.527777777777775 3.194444444444442 1.86111111111111 0.527777777777785 -0.8055555555555434 -2.13888888888888 -3.472222222222211
9.861111111111109 20.69444444444444 11.36111111111111 10.02777777777778 8.694444444444443 7.361111111111108 6.027777777777774 4.694444444444444 3.361111111111119 2.027777777777792 0.6944444444444566 -0.6388888888888787
8.527777777777782 11.36111111111112 26.02777777777779 8.694444444444446 7.361111111111113 6.027777777777778 4.694444444444443 3.361111111111111 2.027777777777784 0.6944444444444595 -0.6388888888888802 -1.972222222222217
7.194444444444446 10.02777777777778 8.694444444444448 31.36111111111111 6.02777777777778 4.694444444444446 3.361111111111111 2.027777777777779 0.6944444444444519 -0.6388888888888732 -1.972222222222211 -3.305555555555544
5.861111111111113 8.69444444444445 7.361111111111116 6.02777777777778 36.69444444444444 3.361111111111109 2.027777777777775 0.6944444444444419 -0.6388888888888847 -1.97222222222221 -3.305555555555544 -4.63888888888888
4.52777777777778 7.361111111111114 6.027777777777779 4.694444444444446 3.36111111111111 42.02777777777778 0.6944444444444394 -0.6388888888888892 -1.972222222222215 -3.305555555555543 -4.638888888888881 -5.972222222222214
3.19444444444444 6.027777777777776 4.694444444444441 3.361111111111106 2.027777777777772 0.6944444444444363 47.36111111111111 -1.972222222222226 -3.305555555555553 -4.638888888888878 -5.972222222222209 -7.305555555555542
1.861111111111114 4.694444444444449 3.361111111111115 2.02777777777778 0.694444444444444 -0.638888888888886 -1.972222222222219 52.69444444444445 -4.638888888888891 -5.972222222222218 -7.305555555555552 -8.638888888888884
0.5277777777777792 3.361111111111112 2.027777777777778 0.6944444444444449 -0.6388888888888904 -1.972222222222219 -3.305555555555553 -4.638888888888896 58.02777777777778 -7.305555555555552 -8.638888888888891 -9.972222222222223
-0.8055555555555561 2.027777777777776 0.694444444444443 -0.6388888888888901 -1.972222222222223 -3.305555555555554 -4.638888888888885 -5.972222222222227 -7.305555555555555 63.36111111111109 -9.972222222222221 -11.30555555555556
-2.13888888888889 0.6944444444444419 -0.6388888888888918 -1.972222222222224 -3.305555555555557 -4.63888888888889 -5.972222222222218 -7.305555555555559 -8.638888888888891 -9.97222222222222 68.69444444444444 -12.63888888888889
-3.472222222222223 -0.6388888888888931 -1.972222222222227 -3.305555555555557 -4.638888888888891 -5.972222222222224 -7.305555555555552 -8.638888888888893 -9.972222222222227 -11.30555555555556 -12.63888888888889 74.02777777777779
