64.66666666666667 3.333333333333336 2.000000000000004 0.6666666666666654 -0.6666666666666665 -2.000000000000002 -3.333333333333337 -4.666666666666669 -5.999999999999992 -7.333333333333321 -8.666666666666657 -9.999999999999988
3.333333333333321 22 12.66666666666667 11.33333333333333 10 8.666666666666664 7.333333333333331 6.000000000000001 4.666666666666676 3.33333333333335 2.000000000000014 0.6666666666666784
2.000000000000002 12.66666666666667 27.33333333333334 10 8.66666666666667 7.333333333333333 5.999999999999999 4.666666666666667 3.333333333333341 2.000000000000016 0.6666666666666767 -0.6666666666666596
0.6666666666666582 11.33333333333334 10.00000000000001 32.66666666666667 7.333333333333338 6.000000000000004 4.666666666666669 3.333333333333337 2.000000000000009 0.6666666666666844 -0.6666666666666526 -1.999999999999987
-0.6666666666666704 10.00000000000001 8.666666666666673 7.333333333333338 38 4.666666666666666 3.333333333333332 1.999999999999999 0.6666666666666722 -0.6666666666666526 -1.999999999999987 -3.333333333333323
-2.000000000000002 8.666666666666671 7.333333333333337 6.000000000000001 4.666666666666666 43.33333333333334 1.999999999999995 0.6666666666666662 -0.6666666666666589 -1.999999999999987 -3.333333333333326 -4.666666666666658
-3.333333333333342 7.333333333333334 5.999999999999998 4.666666666666663 3.333333333333329 1.999999999999992 48.66666666666667 -0.6666666666666682 -1.999999999999998 -3.333333333333322 -4.666666666666653 -5.999999999999985
-4.666666666666666 6.000000000000005 4.666666666666671 3.333333333333336 2 0.6666666666666699 -0.666666666666661 54.00000000000001 -3.333333333333335 -4.666666666666661 -5.999999999999996 -7.333333333333328
-5.999999999999998 4.666666666666666 3.333333333333332 2 0.666666666666665 -0.6666666666666654 -1.999999999999998 -3.333333333333341 59.33333333333334 -5.999999999999996 -7.333333333333336 -8.666666666666668
-7.33333333333333 3.333333333333331 1.999999999999998 0.6666666666666653 -0.6666666666666686 -1.999999999999998 -3.333333333333329 -4.666666666666671 -6 64.66666666666666 -8.666666666666666 -10
-8.666666666666666 1.999999999999997 0.6666666666666633 -0.6666666666666686 -2.000000000000001 -3.333333333333335 -4.666666666666663 -6.000000000000004 -7.333333333333338 -8.666666666666666 70 -11.33333333333333
-10 0.6666666666666623 -0.6666666666666716 -2.000000000000004 -3.333333333333336 -4.666666666666669 -5.999999999999996 -7.333333333333338 -8.666666666666673 -10 -11.33333333333333 75.33333333333333
