15.36111111111111 13.19444444444445 11.86111111111111 10.52777777777778 9.194444444444443 7.861111111111109 6.527777777777776 5.194444444444443 3.861111111111118 2.52777777777779 1.194444444444454 -0.1388888888888787
13.19444444444445 20.02777777777778 10.69444444444445 9.361111111111107 8.027777777777775 6.69444444444444 5.361111111111105 4.027777777777776 2.694444444444451 1.361111111111125 0.02777777777778876 -1.305555555555547
11.86111111111112 10.69444444444445 25.36111111111112 8.027777777777779 6.694444444444446 5.361111111111111 4.027777777777776 2.694444444444443 1.361111111111117 0.02777777777779216 -1.305555555555547 -2.638888888888883
10.52777777777778 9.361111111111116 8.02777777777778 30.69444444444444 5.361111111111113 4.027777777777778 2.694444444444443 1.361111111111111 0.02777777777778313 -1.305555555555541 -2.638888888888879 -3.972222222222212
9.19444444444445 8.027777777777782 6.694444444444448 5.361111111111113 36.02777777777779 2.694444444444441 1.361111111111108 0.02777777777777425 -1.305555555555553 -2.638888888888878 -3.972222222222211 -5.305555555555547
7.861111111111115 6.694444444444447 5.361111111111113 4.027777777777778 2.694444444444443 41.36111111111111 0.02777777777777159 -1.305555555555557 -2.638888888888883 -3.97222222222221 -5.305555555555548 -6.638888888888882
6.527777777777776 5.361111111111109 4.027777777777774 2.694444444444439 1.361111111111104 0.02777777777776759 46.69444444444444 -2.638888888888894 -3.972222222222221 -5.305555555555546 -6.638888888888877 -7.97222222222221
5.194444444444449 4.027777777777783 2.694444444444448 1.361111111111113 0.02777777777777839 -1.305555555555554 -2.638888888888884 52.02777777777778 -5.305555555555559 -6.638888888888884 -7.972222222222218 -9.30555555555555
3.861111111111112 2.694444444444445 1.361111111111111 0.02777777777777839 -1.305555555555557 -2.638888888888887 -3.972222222222219 -5.305555555555563 57.36111111111111 -7.972222222222218 -9.305555555555557 -10.63888888888889
2.527777777777776 1.36111111111111 0.02777777777777603 -1.305555555555556 -2.638888888888889 -3.972222222222221 -5.305555555555551 -6.638888888888891 -7.972222222222221 62.69444444444443 -10.63888888888889 -11.97222222222222
1.194444444444442 0.02777777777777603 -1.305555555555558 -2.638888888888892 -3.972222222222224 -5.305555555555557 -6.638888888888884 -7.972222222222225 -9.305555555555559 -10.63888888888889 68.02777777777777 -13.30555555555556
-0.138888888888893 -1.305555555555559 -2.638888888888893 -3.972222222222225 -5.305555555555558 -6.638888888888891 -7.972222222222219 -9.305555555555561 -10.63888888888889 -11.97222222222222 -13.30555555555556 73.36111111111111
