67.44444444444444 2.77777777777778 1.444444444444448 0.1111111111111102 -1.222222222222222 -2.555555555555559 -3.888888888888892 -5.222222222222224 -6.555555555555549 -7.888888888888876 -9.222222222222213 -10.55555555555554
2.777777777777766 22.11111111111111 12.77777777777778 11.44444444444444 10.11111111111111 8.777777777777777 7.444444444444443 6.111111111111113 4.777777777777787 3.44444444444446 2.111111111111125 0.7777777777777891
1.444444444444447 12.77777777777778 27.44444444444445 10.11111111111111 8.777777777777782 7.444444444444445 6.111111111111111 4.777777777777779 3.444444444444452 2.111111111111127 0.7777777777777875 -0.5555555555555489
0.1111111111111029 11.44444444444445 10.11111111111112 32.77777777777778 7.444444444444449 6.111111111111114 4.77777777777778 3.444444444444447 2.111111111111121 0.777777777777796 -0.5555555555555419 -1.888888888888876
-1.222222222222226 10.11111111111112 8.777777777777784 7.444444444444448 38.11111111111111 4.777777777777778 3.444444444444444 2.11111111111111 0.7777777777777829 -0.5555555555555419 -1.888888888888876 -3.222222222222212
-2.555555555555561 8.777777777777782 7.444444444444447 6.111111111111113 4.777777777777778 43.44444444444445 2.111111111111108 0.7777777777777778 -0.5555555555555473 -1.888888888888875 -3.222222222222214 -4.555555555555547
-3.888888888888901 7.444444444444445 6.111111111111109 4.777777777777775 3.44444444444444 2.111111111111104 48.77777777777778 -0.5555555555555575 -1.888888888888885 -3.22222222222221 -4.555555555555541 -5.888888888888873
-5.222222222222223 6.111111111111117 4.777777777777782 3.444444444444448 2.111111111111112 0.7777777777777815 -0.5555555555555503 54.11111111111111 -3.222222222222222 -4.55555555555555 -5.888888888888884 -7.222222222222216
-6.555555555555554 4.777777777777779 3.444444444444445 2.111111111111112 0.7777777777777761 -0.5555555555555538 -1.888888888888886 -3.222222222222228 59.44444444444445 -5.888888888888886 -7.222222222222225 -8.555555555555557
-7.888888888888884 3.444444444444442 2.111111111111109 0.7777777777777769 -0.555555555555557 -1.888888888888888 -3.222222222222218 -4.55555555555556 -5.888888888888889 64.77777777777777 -8.555555555555555 -9.888888888888889
-9.222222222222221 2.111111111111108 0.7777777777777758 -0.5555555555555579 -1.88888888888889 -3.222222222222224 -4.555555555555551 -5.888888888888893 -7.222222222222225 -8.555555555555554 70.11111111111111 -11.22222222222222
-10.55555555555556 0.7777777777777748 -0.5555555555555591 -1.888888888888893 -3.222222222222225 -4.555555555555557 -5.888888888888885 -7.222222222222227 -8.555555555555561 -9.888888888888889 -11.22222222222222 75.44444444444444
