68.13888888888889 2.638888888888892 1.305555555555558 -0.02777777777777904 -1.361111111111112 -2.694444444444448 -4.027777777777781 -5.361111111111113 -6.694444444444438 -8.027777777777766 -9.361111111111102 -10.69444444444443
2.638888888888876 22.13888888888889 12.80555555555556 11.47222222222222 10.13888888888889 8.805555555555554 7.472222222222221 6.13888888888889 4.805555555555565 3.472222222222239 2.138888888888903 0.8055555555555677
1.305555555555557 12.80555555555556 27.47222222222223 10.13888888888889 8.805555555555559 7.472222222222222 6.138888888888888 4.805555555555556 3.47222222222223 2.138888888888905 0.805555555555566 -0.5277777777777704
-0.02777777777778644 11.47222222222223 10.1388888888889 32.80555555555556 7.472222222222227 6.138888888888892 4.805555555555557 3.472222222222225 2.138888888888899 0.8055555555555737 -0.5277777777777634 -1.861111111111098
-1.361111111111115 10.1388888888889 8.805555555555561 7.472222222222226 38.13888888888889 4.805555555555555 3.472222222222221 2.138888888888888 0.8055555555555606 -0.5277777777777643 -1.861111111111099 -3.194444444444434
-2.69444444444445 8.805555555555561 7.472222222222225 6.13888888888889 4.805555555555555 43.47222222222223 2.138888888888885 0.8055555555555555 -0.5277777777777696 -1.861111111111098 -3.194444444444436 -4.527777777777769
-4.02777777777779 7.472222222222222 6.138888888888887 4.805555555555553 3.472222222222218 2.138888888888882 48.80555555555556 -0.5277777777777789 -1.861111111111108 -3.194444444444433 -4.527777777777764 -5.861111111111096
-5.361111111111113 6.138888888888895 4.80555555555556 3.472222222222225 2.13888888888889 0.8055555555555591 -0.5277777777777717 54.13888888888889 -3.194444444444445 -4.527777777777772 -5.861111111111107 -7.194444444444438
-6.694444444444443 4.805555555555556 3.472222222222222 2.13888888888889 0.8055555555555538 -0.5277777777777761 -1.861111111111109 -3.194444444444451 59.47222222222223 -5.861111111111107 -7.194444444444446 -8.527777777777779
-8.027777777777773 3.47222222222222 2.138888888888887 0.8055555555555546 -0.5277777777777793 -1.86111111111111 -3.194444444444441 -4.527777777777781 -5.861111111111113 64.80555555555554 -8.527777777777779 -9.861111111111113
-9.361111111111109 2.138888888888887 0.8055555555555526 -0.5277777777777793 -1.861111111111112 -3.194444444444446 -4.527777777777773 -5.861111111111114 -7.194444444444448 -8.527777777777777 70.13888888888889 -11.19444444444445
-10.69444444444445 0.8055555555555516 -0.5277777777777823 -1.861111111111115 -3.194444444444446 -4.52777777777778 -5.861111111111107 -7.194444444444449 -8.527777777777784 -9.861111111111113 -11.19444444444445 75.47222222222223
