29.25 10.41666666666667 9.083333333333336 7.749999999999999 6.416666666666665 5.08333333333333 3.749999999999997 2.416666666666665 1.08333333333334 -0.249999999999988 -1.583333333333324 -2.916666666666655
10.41666666666666 20.58333333333333 11.25 9.916666666666664 8.583333333333332 7.249999999999997 5.916666666666663 4.583333333333333 3.250000000000008 1.916666666666682 0.5833333333333459 -0.7499999999999895
9.083333333333339 11.25000000000001 25.91666666666668 8.583333333333336 7.250000000000003 5.916666666666667 4.583333333333332 3.25 1.916666666666673 0.5833333333333484 -0.7499999999999909 -2.083333333333328
7.750000000000003 9.916666666666673 8.583333333333338 31.25 5.916666666666669 4.583333333333334 3.249999999999999 1.916666666666667 0.5833333333333403 -0.7499999999999839 -2.083333333333322 -3.416666666666655
6.416666666666669 8.583333333333338 7.250000000000004 5.916666666666669 36.58333333333334 3.249999999999998 1.916666666666663 0.5833333333333303 -0.7499999999999963 -2.083333333333322 -3.416666666666655 -4.74999999999999
5.083333333333335 7.250000000000004 5.916666666666669 4.583333333333334 3.249999999999999 41.91666666666667 0.5833333333333269 -0.7500000000000017 -2.083333333333326 -3.416666666666655 -4.749999999999992 -6.083333333333326
3.749999999999996 5.916666666666665 4.58333333333333 3.249999999999996 1.91666666666666 0.5833333333333238 47.25 -2.083333333333337 -3.416666666666666 -4.749999999999989 -6.083333333333322 -7.416666666666654
2.41666666666667 4.583333333333338 3.250000000000004 1.916666666666669 0.5833333333333337 -0.7499999999999985 -2.083333333333329 52.58333333333334 -4.750000000000002 -6.083333333333329 -7.416666666666663 -8.749999999999995
1.083333333333334 3.25 1.916666666666667 0.5833333333333337 -0.7500000000000011 -2.083333333333332 -3.416666666666664 -4.750000000000007 57.91666666666667 -7.416666666666663 -8.750000000000002 -10.08333333333333
-0.2500000000000017 1.916666666666665 0.5833333333333323 -0.7500000000000008 -2.083333333333334 -3.416666666666666 -4.749999999999996 -6.083333333333338 -7.416666666666666 63.24999999999999 -10.08333333333333 -11.41666666666667
-1.583333333333334 0.5833333333333312 -0.7500000000000026 -2.083333333333335 -3.416666666666668 -4.750000000000002 -6.083333333333329 -7.41666666666667 -8.750000000000004 -10.08333333333333 68.58333333333333 -12.75
-2.916666666666668 -0.7500000000000038 -2.083333333333338 -3.41666666666667 -4.750000000000002 -6.083333333333336 -7.416666666666663 -8.750000000000004 -10.08333333333334 -11.41666666666667 -12.75 73.91666666666667
