42.44444444444444 7.777777777777781 6.444444444444448 5.111111111111109 3.777777777777777 2.444444444444443 1.11111111111111 -0.2222222222222237 -1.555555555555548 -2.888888888888877 -4.222222222222213 -5.555555555555545
7.777777777777772 21.11111111111111 11.77777777777778 10.44444444444444 9.111111111111111 7.777777777777775 6.444444444444441 5.111111111111111 3.777777777777785 2.444444444444459 1.111111111111125 -0.2222222222222109
6.444444444444447 11.77777777777778 26.44444444444445 9.111111111111113 7.77777777777778 6.444444444444445 5.11111111111111 3.777777777777777 2.44444444444445 1.111111111111126 -0.2222222222222141 -1.555555555555551
5.11111111111111 10.44444444444445 9.111111111111116 31.77777777777778 6.444444444444447 5.111111111111113 3.777777777777777 2.444444444444446 1.111111111111119 -0.2222222222222053 -1.555555555555543 -2.888888888888876
3.777777777777777 9.111111111111116 7.777777777777783 6.444444444444447 37.11111111111111 3.777777777777777 2.444444444444443 1.111111111111109 -0.2222222222222178 -1.555555555555543 -2.888888888888876 -4.222222222222212
2.444444444444443 7.777777777777781 6.444444444444446 5.111111111111113 3.777777777777777 42.44444444444445 1.111111111111106 -0.2222222222222231 -1.555555555555547 -2.888888888888876 -4.222222222222214 -5.555555555555547
1.111111111111104 6.444444444444444 5.111111111111108 3.777777777777773 2.444444444444439 1.111111111111103 47.77777777777778 -1.555555555555558 -2.888888888888887 -4.22222222222221 -5.555555555555543 -6.888888888888875
-0.2222222222222198 5.111111111111116 3.777777777777782 2.444444444444447 1.111111111111111 -0.2222222222222198 -1.555555555555551 53.11111111111111 -4.222222222222225 -5.55555555555555 -6.888888888888886 -8.222222222222216
-1.555555555555552 3.777777777777779 2.444444444444444 1.111111111111111 -0.2222222222222225 -1.555555555555554 -2.888888888888887 -4.222222222222229 58.44444444444445 -6.888888888888886 -8.222222222222225 -9.555555555555557
-2.888888888888887 2.444444444444443 1.11111111111111 -0.2222222222222231 -1.555555555555556 -2.888888888888887 -4.222222222222217 -5.555555555555559 -6.888888888888889 63.77777777777776 -9.555555555555554 -10.88888888888889
-4.222222222222221 1.11111111111111 -0.222222222222224 -1.555555555555557 -2.888888888888891 -4.222222222222224 -5.555555555555552 -6.888888888888893 -8.222222222222225 -9.555555555555554 69.11111111111111 -12.22222222222222
-5.555555555555555 -0.2222222222222252 -1.555555555555561 -2.888888888888891 -4.222222222222225 -5.555555555555558 -6.888888888888886 -8.222222222222227 -9.555555555555561 -10.88888888888889 -12.22222222222222 74.44444444444444
