45.22222222222223 7.222222222222225 5.888888888888891 4.555555555555554 3.222222222222221 1.888888888888887 0.5555555555555529 -0.777777777777779 -2.111111111111105 -3.444444444444433 -4.777777777777769 -6.111111111111101
7.222222222222216 21.22222222222222 11.88888888888889 10.55555555555555 9.222222222222221 7.888888888888887 6.555555555555553 5.222222222222222 3.888888888888897 2.555555555555571 1.222222222222235 -0.1111111111111002
5.888888888888892 11.8888888888889 26.55555555555556 9.222222222222225 7.888888888888891 6.555555555555555 5.222222222222221 3.888888888888888 2.555555555555562 1.222222222222237 -0.1111111111111016 -1.444444444444438
4.555555555555553 10.55555555555556 9.222222222222227 31.88888888888889 6.555555555555559 5.222222222222224 3.888888888888889 2.555555555555557 1.222222222222231 -0.1111111111110946 -1.444444444444432 -2.777777777777766
3.222222222222221 9.222222222222229 7.888888888888895 6.555555555555559 37.22222222222222 3.888888888888888 2.555555555555554 1.222222222222221 -0.1111111111111062 -1.444444444444431 -2.777777777777766 -4.111111111111101
1.888888888888888 7.888888888888893 6.555555555555557 5.222222222222223 3.888888888888888 42.55555555555556 1.222222222222218 -0.1111111111111124 -1.444444444444436 -2.777777777777765 -4.111111111111103 -5.444444444444436
0.5555555555555488 6.555555555555555 5.22222222222222 3.888888888888885 2.55555555555555 1.222222222222215 47.88888888888889 -1.444444444444448 -2.777777777777775 -4.111111111111099 -5.444444444444431 -6.777777777777764
-0.7777777777777752 5.222222222222228 3.888888888888893 2.555555555555559 1.222222222222223 -0.1111111111111091 -1.44444444444444 53.22222222222223 -4.111111111111113 -5.444444444444439 -6.777777777777773 -8.111111111111105
-2.111111111111109 3.888888888888889 2.555555555555555 1.222222222222223 -0.1111111111111127 -1.444444444444443 -2.777777777777776 -4.111111111111118 58.55555555555556 -6.777777777777775 -8.111111111111114 -9.444444444444446
-3.444444444444442 2.555555555555555 1.222222222222221 -0.1111111111111124 -1.444444444444445 -2.777777777777776 -4.111111111111106 -5.444444444444447 -6.777777777777779 63.88888888888887 -9.444444444444443 -10.77777777777778
-4.777777777777777 1.222222222222221 -0.1111111111111133 -1.444444444444446 -2.77777777777778 -4.111111111111113 -5.444444444444441 -6.777777777777782 -8.111111111111114 -9.444444444444443 69.22222222222221 -12.11111111111111
-6.111111111111111 -0.1111111111111144 -1.44444444444445 -2.77777777777778 -4.111111111111114 -5.444444444444446 -6.777777777777774 -8.111111111111116 -9.444444444444448 -10.77777777777778 -12.11111111111111 74.55555555555556
