50.08333333333333 6.250000000000002 4.91666666666667 3.583333333333332 2.25 0.9166666666666654 -0.4166666666666683 -1.750000000000002 -3.083333333333325 -4.416666666666655 -5.74999999999999 -7.083333333333322
6.249999999999992 21.41666666666667 12.08333333333334 10.75 9.416666666666668 8.08333333333333 6.749999999999998 5.416666666666667 4.083333333333342 2.750000000000016 1.41666666666668 0.08333333333334449
4.916666666666669 12.08333333333334 26.75000000000001 9.41666666666667 8.083333333333336 6.749999999999999 5.416666666666666 4.083333333333333 2.750000000000006 1.416666666666682 0.08333333333334309 -1.249999999999994
3.583333333333328 10.75000000000001 9.416666666666671 32.08333333333334 6.750000000000004 5.416666666666669 4.083333333333334 2.750000000000002 1.416666666666675 0.08333333333335093 -1.249999999999987 -2.583333333333321
2.249999999999998 9.416666666666673 8.083333333333339 6.750000000000003 37.41666666666667 4.083333333333332 2.749999999999998 1.416666666666664 0.0833333333333376 -1.249999999999987 -2.583333333333322 -3.916666666666657
0.9166666666666644 8.083333333333338 6.750000000000003 5.416666666666668 4.083333333333332 42.75000000000001 1.416666666666663 0.08333333333333227 -1.249999999999992 -2.58333333333332 -3.916666666666659 -5.249999999999991
-0.4166666666666753 6.749999999999999 5.416666666666664 4.08333333333333 2.749999999999995 1.41666666666666 48.08333333333334 -1.250000000000002 -2.58333333333333 -3.916666666666655 -5.249999999999987 -6.583333333333319
-1.749999999999999 5.416666666666672 4.083333333333338 2.750000000000003 1.416666666666667 0.08333333333333731 -1.249999999999995 53.41666666666667 -3.916666666666667 -5.249999999999995 -6.583333333333329 -7.916666666666661
-3.08333333333333 4.083333333333334 2.749999999999999 1.416666666666666 0.08333333333333198 -1.249999999999998 -2.58333333333333 -3.916666666666673 58.75 -6.58333333333333 -7.91666666666667 -9.250000000000002
-4.416666666666663 2.749999999999999 1.416666666666665 0.08333333333333139 -1.250000000000002 -2.583333333333332 -3.916666666666662 -5.250000000000003 -6.583333333333334 64.08333333333333 -9.249999999999998 -10.58333333333333
-5.749999999999998 1.416666666666665 0.08333333333332961 -1.250000000000002 -2.583333333333334 -3.916666666666668 -5.249999999999996 -6.583333333333338 -7.91666666666667 -9.249999999999998 69.41666666666666 -11.91666666666667
-7.083333333333333 0.08333333333333021 -1.250000000000006 -2.583333333333336 -3.91666666666667 -5.250000000000002 -6.58333333333333 -7.916666666666671 -9.250000000000005 -10.58333333333333 -11.91666666666667 74.75
