19.52777777777778 12.36111111111111 11.02777777777778 9.694444444444441 8.361111111111109 7.027777777777776 5.694444444444441 4.36111111111111 3.027777777777785 1.694444444444457 0.3611111111111214 -0.9722222222222109
12.36111111111111 20.19444444444444 10.86111111111111 9.527777777777775 8.194444444444443 6.861111111111107 5.527777777777772 4.194444444444443 2.861111111111118 1.527777777777791 0.1944444444444566 -1.138888888888879
11.02777777777778 10.86111111111112 25.52777777777779 8.194444444444445 6.861111111111113 5.527777777777778 4.194444444444443 2.86111111111111 1.527777777777784 0.1944444444444591 -1.13888888888888 -2.472222222222217
9.69444444444445 9.527777777777782 8.194444444444448 30.86111111111111 5.52777777777778 4.194444444444445 2.86111111111111 1.527777777777778 0.1944444444444501 -1.138888888888874 -2.472222222222212 -3.805555555555546
8.361111111111116 8.19444444444445 6.861111111111115 5.527777777777779 36.19444444444445 2.861111111111109 1.527777777777774 0.1944444444444421 -1.138888888888886 -2.472222222222211 -3.805555555555544 -5.13888888888888
7.027777777777781 6.861111111111114 5.52777777777778 4.194444444444445 2.861111111111109 41.52777777777778 0.1944444444444377 -1.138888888888891 -2.472222222222215 -3.805555555555544 -5.138888888888881 -6.472222222222215
5.694444444444442 5.527777777777776 4.194444444444441 2.861111111111106 1.52777777777777 0.1944444444444337 46.86111111111111 -2.472222222222226 -3.805555555555555 -5.138888888888878 -6.472222222222211 -7.805555555555543
4.361111111111117 4.19444444444445 2.861111111111115 1.52777777777778 0.1944444444444445 -1.138888888888888 -2.472222222222218 52.19444444444445 -5.138888888888891 -6.472222222222218 -7.805555555555552 -9.138888888888884
3.027777777777778 2.861111111111112 1.527777777777778 0.1944444444444454 -1.13888888888889 -2.472222222222219 -3.805555555555553 -5.138888888888895 57.52777777777778 -7.805555555555552 -9.138888888888891 -10.47222222222222
1.694444444444442 1.527777777777776 0.194444444444443 -1.138888888888889 -2.472222222222222 -3.805555555555553 -5.138888888888883 -6.472222222222225 -7.805555555555555 62.8611111111111 -10.47222222222222 -11.80555555555555
0.3611111111111082 0.1944444444444421 -1.138888888888892 -2.472222222222225 -3.805555555555557 -5.13888888888889 -6.472222222222218 -7.805555555555559 -9.138888888888893 -10.47222222222222 68.19444444444444 -13.13888888888889
-0.972222222222227 -1.138888888888893 -2.472222222222227 -3.805555555555557 -5.138888888888891 -6.472222222222224 -7.805555555555552 -9.138888888888893 -10.47222222222223 -11.80555555555556 -13.13888888888889 73.52777777777779
