36.19444444444445 9.027777777777779 7.694444444444447 6.361111111111108 5.027777777777775 3.694444444444442 2.361111111111109 1.027777777777776 -0.3055555555555487 -1.638888888888878 -2.972222222222213 -4.305555555555546
9.027777777777773 20.86111111111111 11.52777777777778 10.19444444444444 8.861111111111111 7.527777777777775 6.194444444444441 4.861111111111111 3.527777777777785 2.194444444444459 0.8611111111111245 -0.4722222222222109
7.694444444444447 11.52777777777778 26.19444444444445 8.861111111111113 7.52777777777778 6.194444444444445 4.86111111111111 3.527777777777778 2.19444444444445 0.8611111111111256 -0.4722222222222141 -1.805555555555551
6.361111111111111 10.19444444444445 8.861111111111116 31.52777777777778 6.194444444444447 4.861111111111113 3.527777777777777 2.194444444444446 0.8611111111111188 -0.4722222222222062 -1.805555555555544 -3.138888888888878
5.027777777777779 8.861111111111116 7.527777777777783 6.194444444444446 36.86111111111111 3.527777777777776 2.194444444444442 0.8611111111111088 -0.4722222222222178 -1.805555555555543 -3.138888888888877 -4.472222222222213
3.694444444444446 7.527777777777781 6.194444444444446 4.861111111111113 3.527777777777777 42.19444444444445 0.8611111111111055 -0.4722222222222231 -1.805555555555547 -3.138888888888876 -4.472222222222214 -5.805555555555547
2.361111111111107 6.194444444444443 4.861111111111108 3.527777777777773 2.194444444444438 0.8611111111111024 47.52777777777778 -1.805555555555558 -3.138888888888887 -4.47222222222221 -5.805555555555543 -7.138888888888875
1.027777777777781 4.861111111111116 3.527777777777782 2.194444444444447 0.8611111111111109 -0.4722222222222198 -1.805555555555551 52.86111111111111 -4.472222222222225 -5.80555555555555 -7.138888888888886 -8.472222222222216
-0.3055555555555529 3.527777777777779 2.194444444444444 0.8611111111111109 -0.4722222222222234 -1.805555555555553 -3.138888888888887 -4.472222222222229 58.19444444444445 -7.138888888888886 -8.472222222222225 -9.805555555555557
-1.638888888888888 2.194444444444443 0.8611111111111099 -0.4722222222222231 -1.805555555555556 -3.138888888888887 -4.472222222222217 -5.805555555555559 -7.138888888888889 63.52777777777776 -9.805555555555554 -11.13888888888889
-2.972222222222224 0.8611111111111097 -0.4722222222222258 -1.805555555555557 -3.138888888888891 -4.472222222222223 -5.805555555555552 -7.138888888888893 -8.472222222222225 -9.805555555555554 68.86111111111111 -12.47222222222222
-4.305555555555557 -0.4722222222222252 -1.805555555555561 -3.138888888888891 -4.472222222222224 -5.805555555555557 -7.138888888888886 -8.472222222222227 -9.805555555555561 -11.13888888888889 -12.47222222222222 74.19444444444444
