27.86111111111111 10.69444444444445 9.361111111111114 8.027777777777775 6.694444444444444 5.361111111111109 4.027777777777776 2.694444444444444 1.361111111111119 0.02777777777779053 -1.305555555555546 -2.638888888888877
10.69444444444444 20.52777777777778 11.19444444444445 9.861111111111109 8.527777777777777 7.194444444444441 5.861111111111106 4.527777777777777 3.194444444444452 1.861111111111125 0.5277777777777906 -0.8055555555555448
9.361111111111116 11.19444444444445 25.86111111111112 8.52777777777778 7.194444444444446 5.861111111111111 4.527777777777777 3.194444444444444 1.861111111111117 0.527777777777793 -0.8055555555555463 -2.138888888888883
8.02777777777778 9.861111111111116 8.527777777777782 31.19444444444444 5.861111111111113 4.527777777777779 3.194444444444444 1.861111111111112 0.5277777777777849 -0.8055555555555402 -2.138888888888878 -3.472222222222212
6.694444444444447 8.527777777777782 7.194444444444449 5.861111111111113 36.52777777777779 3.194444444444443 1.861111111111108 0.5277777777777749 -0.8055555555555517 -2.138888888888877 -3.47222222222221 -4.805555555555546
5.361111111111113 7.194444444444448 5.861111111111113 4.527777777777779 3.194444444444443 41.86111111111111 0.5277777777777716 -0.805555555555557 -2.138888888888883 -3.47222222222221 -4.805555555555548 -6.138888888888881
4.027777777777774 5.86111111111111 4.527777777777774 3.194444444444439 1.861111111111104 0.5277777777777685 47.19444444444444 -2.138888888888892 -3.472222222222221 -4.805555555555546 -6.138888888888877 -7.472222222222209
2.694444444444449 4.527777777777783 3.194444444444449 1.861111111111114 0.5277777777777784 -0.8055555555555538 -2.138888888888884 52.52777777777778 -4.805555555555559 -6.138888888888884 -7.47222222222222 -8.80555555555555
1.361111111111112 3.194444444444445 1.861111111111111 0.5277777777777784 -0.8055555555555565 -2.138888888888887 -3.472222222222219 -4.805555555555563 57.86111111111111 -7.472222222222218 -8.805555555555557 -10.13888888888889
0.02777777777777603 1.861111111111109 0.5277777777777769 -0.8055555555555561 -2.138888888888889 -3.472222222222221 -4.805555555555551 -6.138888888888893 -7.472222222222221 63.19444444444443 -10.13888888888889 -11.47222222222222
-1.305555555555557 0.5277777777777758 -0.8055555555555579 -2.138888888888891 -3.472222222222224 -4.805555555555557 -6.138888888888884 -7.472222222222225 -8.805555555555559 -10.13888888888889 68.52777777777777 -12.80555555555556
-2.638888888888891 -0.8055555555555591 -2.138888888888893 -3.472222222222225 -4.805555555555558 -6.138888888888891 -7.472222222222219 -8.805555555555561 -10.1388888888889 -11.47222222222222 -12.80555555555556 73.86111111111111
