39.66666666666666 8.333333333333336 7.000000000000004 5.666666666666664 4.333333333333332 2.999999999999998 1.666666666666665 0.3333333333333317 -0.9999999999999925 -2.333333333333322 -3.666666666666657 -4.999999999999989
8.333333333333327 21 11.66666666666667 10.33333333333333 9 7.666666666666664 6.33333333333333 4.999999999999999 3.666666666666674 2.333333333333348 1.000000000000012 -0.3333333333333234
7.000000000000003 11.66666666666667 26.33333333333334 9.000000000000002 7.666666666666669 6.333333333333333 4.999999999999999 3.666666666666666 2.333333333333339 1.000000000000015 -0.3333333333333248 -1.666666666666661
5.666666666666666 10.33333333333334 9.000000000000005 31.66666666666666 6.333333333333336 5.000000000000001 3.666666666666667 2.333333333333335 1.000000000000007 -0.3333333333333169 -1.666666666666655 -2.999999999999989
4.333333333333332 9.000000000000005 7.666666666666672 6.333333333333336 37 3.666666666666665 2.333333333333331 0.9999999999999981 -0.3333333333333285 -1.666666666666654 -2.999999999999988 -4.333333333333323
3 7.666666666666671 6.333333333333335 5.000000000000001 3.666666666666666 42.33333333333334 0.9999999999999948 -0.3333333333333338 -1.666666666666659 -2.999999999999987 -4.333333333333325 -5.666666666666658
1.666666666666661 6.333333333333332 4.999999999999997 3.666666666666663 2.333333333333327 0.9999999999999917 47.66666666666667 -1.666666666666669 -2.999999999999998 -4.333333333333321 -5.666666666666654 -6.999999999999986
0.3333333333333355 5.000000000000004 3.666666666666671 2.333333333333336 1 -0.3333333333333305 -1.666666666666661 53.00000000000001 -4.333333333333336 -5.666666666666661 -6.999999999999996 -8.333333333333327
-0.9999999999999976 3.666666666666667 2.333333333333333 1 -0.333333333333335 -1.666666666666664 -2.999999999999998 -4.333333333333341 58.33333333333334 -6.999999999999996 -8.333333333333336 -9.666666666666668
-2.333333333333331 2.333333333333332 0.9999999999999983 -0.3333333333333347 -1.666666666666667 -2.999999999999999 -4.333333333333328 -5.666666666666671 -7 63.66666666666665 -9.666666666666666 -11
-3.666666666666667 0.9999999999999972 -0.3333333333333365 -1.666666666666669 -3.000000000000001 -4.333333333333335 -5.666666666666663 -7.000000000000004 -8.333333333333336 -9.666666666666664 69 -12.33333333333333
-5.000000000000001 -0.3333333333333376 -1.666666666666672 -3.000000000000002 -4.333333333333336 -5.666666666666669 -6.999999999999996 -8.333333333333338 -9.666666666666671 -11 -12.33333333333333 74.33333333333333
