18.83333333333334 12.5 11.16666666666667 9.83333333333333 8.499999999999998 7.166666666666665 5.83333333333333 4.499999999999998 3.166666666666674 1.833333333333345 0.5000000000000089 -0.8333333333333234
12.5 20.16666666666666 10.83333333333333 9.499999999999996 8.166666666666664 6.83333333333333 5.499999999999995 4.166666666666665 2.83333333333334 1.500000000000014 0.166666666666678 -1.166666666666657
11.16666666666667 10.83333333333334 25.50000000000001 8.166666666666668 6.833333333333335 5.499999999999999 4.166666666666665 2.833333333333332 1.500000000000006 0.1666666666666815 -1.166666666666658 -2.499999999999994
9.833333333333339 9.500000000000005 8.16666666666667 30.83333333333333 5.500000000000002 4.166666666666667 2.833333333333332 1.5 0.1666666666666724 -1.166666666666652 -2.49999999999999 -3.833333333333323
8.500000000000004 8.166666666666671 6.833333333333338 5.500000000000001 36.16666666666667 2.83333333333333 1.499999999999997 0.1666666666666635 -1.166666666666663 -2.499999999999989 -3.833333333333322 -5.166666666666657
7.166666666666671 6.833333333333337 5.500000000000002 4.166666666666667 2.833333333333333 41.5 0.1666666666666609 -1.166666666666668 -2.499999999999993 -3.833333333333321 -5.166666666666659 -6.499999999999993
5.833333333333331 5.499999999999998 4.166666666666663 2.833333333333328 1.499999999999994 0.1666666666666569 46.83333333333334 -2.500000000000005 -3.833333333333332 -5.166666666666656 -6.499999999999988 -7.833333333333321
4.500000000000004 4.166666666666672 2.833333333333337 1.500000000000001 0.1666666666666659 -1.166666666666665 -2.499999999999995 52.16666666666667 -5.16666666666667 -6.499999999999995 -7.833333333333329 -9.166666666666661
3.166666666666667 2.833333333333333 1.5 0.1666666666666677 -1.166666666666668 -2.499999999999998 -3.83333333333333 -5.166666666666673 57.50000000000001 -7.833333333333329 -9.166666666666668 -10.5
1.833333333333332 1.499999999999998 0.1666666666666653 -1.166666666666667 -2.5 -3.833333333333332 -5.166666666666662 -6.500000000000002 -7.833333333333332 62.83333333333332 -10.5 -11.83333333333333
0.4999999999999972 0.1666666666666653 -1.166666666666669 -2.500000000000002 -3.833333333333334 -5.166666666666668 -6.499999999999996 -7.833333333333336 -9.16666666666667 -10.5 68.16666666666666 -13.16666666666667
-0.8333333333333377 -1.16666666666667 -2.500000000000004 -3.833333333333336 -5.166666666666669 -6.500000000000002 -7.83333333333333 -9.166666666666671 -10.5 -11.83333333333333 -13.16666666666667 73.5
