31.33333333333334 10 8.666666666666668 7.333333333333332 5.999999999999998 4.666666666666663 3.33333333333333 1.999999999999998 0.6666666666666734 -0.666666666666655 -1.999999999999991 -3.333333333333323
9.999999999999998 20.66666666666667 11.33333333333333 9.999999999999998 8.666666666666666 7.33333333333333 5.999999999999996 4.666666666666665 3.33333333333334 2.000000000000014 0.6666666666666781 -0.6666666666666573
8.666666666666671 11.33333333333334 26.00000000000001 8.666666666666668 7.333333333333336 6 4.666666666666665 3.333333333333333 2.000000000000005 0.666666666666681 -0.6666666666666588 -1.999999999999995
7.333333333333336 10.00000000000001 8.66666666666667 31.33333333333333 6.000000000000002 4.666666666666667 3.333333333333333 2.000000000000001 0.6666666666666733 -0.6666666666666509 -1.999999999999989 -3.333333333333323
6.000000000000002 8.666666666666671 7.333333333333338 6.000000000000002 36.66666666666667 3.333333333333332 1.999999999999997 0.6666666666666642 -0.6666666666666624 -1.999999999999988 -3.333333333333322 -4.666666666666657
4.666666666666668 7.333333333333337 6.000000000000001 4.666666666666668 3.333333333333333 42.00000000000001 0.6666666666666609 -0.6666666666666677 -1.999999999999993 -3.333333333333321 -4.666666666666659 -5.999999999999992
3.33333333333333 5.999999999999998 4.666666666666663 3.333333333333329 1.999999999999993 0.6666666666666578 47.33333333333334 -2.000000000000003 -3.333333333333332 -4.666666666666655 -5.999999999999988 -7.33333333333332
2.000000000000003 4.666666666666671 3.333333333333337 2.000000000000002 0.6666666666666667 -0.6666666666666645 -1.999999999999995 52.66666666666667 -4.66666666666667 -5.999999999999995 -7.33333333333333 -8.666666666666661
0.6666666666666681 3.333333333333334 2 0.6666666666666676 -0.6666666666666681 -1.999999999999998 -3.333333333333332 -4.666666666666673 58 -7.33333333333333 -8.66666666666667 -10
-0.6666666666666677 1.999999999999998 0.6666666666666653 -0.6666666666666677 -2 -3.333333333333332 -4.666666666666662 -6.000000000000004 -7.333333333333332 63.33333333333332 -9.999999999999998 -11.33333333333333
-2.000000000000001 0.6666666666666651 -0.6666666666666686 -2.000000000000002 -3.333333333333335 -4.666666666666668 -5.999999999999996 -7.333333333333336 -8.66666666666667 -9.999999999999998 68.66666666666666 -12.66666666666667
-3.333333333333336 -0.6666666666666699 -2.000000000000004 -3.333333333333336 -4.666666666666669 -6.000000000000002 -7.33333333333333 -8.666666666666671 -10.00000000000001 -11.33333333333333 -12.66666666666667 74
